"","t","region","ed.visits","X","sine","cosine","is.train"
"1",1,"Region.10",48,-6.73849540286697,0.0172015754182605,0.999852041955773,TRUE
"2",2,"Region.10",0,-4.51365056397274,0.034398060613608,0.99940821160626,TRUE
"3",3,"Region.10",0,-4.31634203881329,0.0515843668694084,0.998668640288,TRUE
"4",4,"Region.10",0,-5.31568677437751,0.0687554084811394,0.997633546852045,TRUE
"5",5,"Region.10",20,-5.21508965059111,0.0859061042613327,0.996303237599196,TRUE
"6",6,"Region.10",0,-6.41680020699453,0.103031379043179,0.994678106189365,TRUE
"7",7,"Region.10",0,-8.77923115209167,0.120126165182351,0.992758633525079,TRUE
"8",8,"Region.10",0,-10.1435782178207,0.137185404056601,0.990545387609183,TRUE
"9",9,"Region.10",0,-11.4278993824957,0.154204047562689,0.988039023376751,TRUE
"10",10,"Region.10",0,-13.0804791633208,0.1711770596102,0.985240282501282,TRUE
"11",11,"Region.10",0,-10.5691083757794,0.188099417611798,0.982149993175229,TRUE
"12",12,"Region.10",10,-9.39107034085067,0.204966113969495,0.978769069864922,TRUE
"13",13,"Region.10",10,-4.62154217050038,0.221772157556482,0.975098513039961,TRUE
"14",14,"Region.10",10,-1.043370812093,0.238512575194076,0.971139408877165,TRUE
"15",15,"Region.10",20,-1.39703716095786,0.255182413123373,0.966892928939152,TRUE
"16",16,"Region.10",0,-0.875110946347486,0.271776738471136,0.962360329827655,TRUE
"17",17,"Region.10",11,-0.279659641115137,0.288290640709518,0.957542952811672,TRUE
"18",18,"Region.10",0,-2.7559652116302,0.304719233109163,0.952442223430568,TRUE
"19",19,"Region.10",11,-7.43591581327984,0.321057654185271,0.947059651072228,TRUE
"20",20,"Region.10",0,-11.7101377561139,0.337301069136184,0.941396828526412,TRUE
"21",21,"Region.10",0,-15.1610917367308,0.353444671274088,0.935455431513416,TRUE
"22",22,"Region.10",0,-16.1021353934812,0.369483683447383,0.929237218188205,TRUE
"23",23,"Region.10",10,-17.0705297882325,0.385413359454326,0.922744028620143,TRUE
"24",24,"Region.10",0,-18.329193474364,0.401228985447501,0.915977784248488,TRUE
"25",25,"Region.10",0,-16.6763041627298,0.416925881328729,0.908940487313808,TRUE
"26",26,"Region.10",0,-14.321648261584,0.432499402133979,0.901634220265486,TRUE
"27",27,"Region.10",0,-13.7541266707679,0.447944939407891,0.894061145145488,TRUE
"28",28,"Region.10",0,-11.8026249630159,0.463257922567492,0.88622350294858,TRUE
"29",29,"Region.10",0,-10.3859106067899,0.478433820254701,0.878123612959185,TRUE
"30",30,"Region.10",19,-10.7102736504065,0.493468141677237,0.869763872065065,TRUE
"31",31,"Region.10",0,-11.7795900507879,0.508356437937512,0.861146754048045,TRUE
"32",32,"Region.10",0,-12.9562986059529,0.523094303349133,0.852274808851984,TRUE
"33",33,"Region.10",20,-11.0355339845221,0.537677376740614,0.8431506618282,TRUE
"34",34,"Region.10",10,-9.76699873581717,0.552101342745921,0.833777012958592,TRUE
"35",35,"Region.10",10,-10.4500920643435,0.566361933081453,0.824156636056666,TRUE
"36",36,"Region.10",12,-9.86162704307155,0.580454927809098,0.814292377946727,TRUE
"37",37,"Region.10",26,-8.30139966090215,0.594376156584983,0.804187157621448,TRUE
"38",38,"Region.10",10,-7.60726962673974,0.608121499893542,0.793843965378102,TRUE
"39",39,"Region.10",0,-7.65202677647759,0.621686890266548,0.783265861933679,TRUE
"40",40,"Region.10",27,-8.35881119225581,0.635068313486744,0.772455977519174,TRUE
"41",41,"Region.10",40,-6.89802345760868,0.648261809775712,0.7614175109533,TRUE
"42",42,"Region.10",0,-4.4918076837713,0.661263474965639,0.750153728695904,TRUE
"43",43,"Region.10",9,-2.69872289038127,0.674069461654616,0.738667963881375,TRUE
"44",44,"Region.10",10,-2.35421268521975,0.686675980345155,0.726963615332308,TRUE
"45",45,"Region.10",0,-2.48951720482105,0.699079300565556,0.715044146553744,TRUE
"46",46,"Region.10",10,-2.73240867580935,0.711275751973815,0.702913084708262,TRUE
"47",47,"Region.10",10,-4.13398754296468,0.723261725443739,0.690574019572229,TRUE
"48",48,"Region.10",0,-3.2047930681639,0.735033674132941,0.678030602473538,TRUE
"49",49,"Region.10",0,-2.77932371922316,0.746588114532413,0.665286545211112,TRUE
"50",50,"Region.10",0,-2.96012545668606,0.757921627497347,0.652345618956526,TRUE
"51",51,"Region.10",0,-1.71680300000919,0.769030859258918,0.639211653138059,TRUE
"52",52,"Region.10",0,-2.00631597212725,0.779912522416718,0.625888534307502,TRUE
"53",53,"Region.10",22,-1.89221855726532,0.790563396911548,0.612380204990065,TRUE
"54",54,"Region.10",0,-4.96704617029095,0.800980330978291,0.598690662517721,TRUE
"55",55,"Region.10",0,-7.36879359322317,0.811160242078562,0.584823957846332,TRUE
"56",56,"Region.10",10,-7.1587748980066,0.821100117812889,0.570784194356904,TRUE
"57",57,"Region.10",0,-6.93967730380045,0.830797016812125,0.55657552664133,TRUE
"58",58,"Region.10",14,-7.05952104314752,0.840248069607847,0.542202159272984,TRUE
"59",59,"Region.10",0,-9.39805676574885,0.849450479481481,0.527668345562516,TRUE
"60",60,"Region.10",0,-7.81431989576169,0.858401523291892,0.512978386299228,TRUE
"61",61,"Region.10",21,-5.54490101061105,0.867098552281208,0.498136628478406,TRUE
"62",62,"Region.10",0,-4.56906716114911,0.87553899285863,0.483147464014969,TRUE
"63",63,"Region.10",0,-3.59502396087182,0.883720347361998,0.468015328443834,TRUE
"64",64,"Region.10",0,-3.07957055386066,0.891640194796887,0.452744699607371,TRUE
"65",65,"Region.10",10,-2.12154617526951,0.899296191553025,0.437340096330332,TRUE
"66",66,"Region.10",10,-2.46687273160683,0.906686072097799,0.421806077082663,TRUE
"67",67,"Region.10",0,-2.14038950493338,0.913807649646662,0.406147238630579,TRUE
"68",68,"Region.10",0,-2.88714349448488,0.920658816810243,0.390368214676303,TRUE
"69",69,"Region.10",0,-3.63500790388861,0.927237546217954,0.374473674486883,TRUE
"70",70,"Region.10",0,-2.78724024049543,0.933541891117921,0.358468321512481,TRUE
"71",71,"Region.10",0,-0.494097699651488,0.939569985953062,0.342356891994542,TRUE
"72",72,"Region.10",10,0.311773695915878,0.945320046913132,0.32614415356427,TRUE
"73",73,"Region.10",0,-1.31996775093934,0.950790372462583,0.309834903831803,TRUE
"74",74,"Region.10",10,-3.33780050564911,0.955979343844077,0.293433968966527,TRUE
"75",75,"Region.10",10,-3.71565970078703,0.960885425557498,0.276946202268936,TRUE
"76",76,"Region.10",10,-3.50762896625177,0.965507165814336,0.260376482734458,TRUE
"77",77,"Region.10",0,-1.91205594773075,0.969843196967294,0.243729713609684,TRUE
"78",78,"Region.10",0,-1.31418185073296,0.973892235914992,0.227010820941418,TRUE
"79",79,"Region.10",0,-1.65756608125635,0.977653084481664,0.210224752118984,TRUE
"80",80,"Region.10",0,-2.38029881361617,0.981124629771712,0.193376474410206,TRUE
"81",81,"Region.10",0,-1.03592948582569,0.984305844499033,0.176470973491522,TRUE
"82",82,"Region.10",0,-1.37875128974232,0.987195787291009,0.159513251972636,TRUE
"83",83,"Region.10",0,-2.63785699839588,0.989793602967072,0.142508327916171,TRUE
"84",84,"Region.10",22,-2.74793408729599,0.992098522791769,0.125461233352737,TRUE
"85",85,"Region.10",0,-2.85909196684152,0.994109864702242,0.108377012791876,TRUE
"86",86,"Region.10",27,-1.03584890739864,0.99582703351006,0.0912607217293119,TRUE
"87",87,"Region.10",0,0.306077598784629,0.997249521077345,0.0741174251509441,TRUE
"88",88,"Region.10",14,0.950533155004775,0.998376906467142,0.0569521960340398,TRUE
"89",89,"Region.10",11,1.79857664485405,0.999208856067975,0.0397701138460559,TRUE
"90",90,"Region.10",0,1.98925975207771,0.999745123692573,0.0225762630415455,TRUE
"91",91,"Region.10",0,2.08383890791,0.999985550650719,0.00537573155758388,TRUE
"92",92,"Region.10",13,-0.41021986000738,0.999930065796206,-0.0118263906918326,TRUE
"93",93,"Region.10",0,-2.20853116566866,0.999578685547896,-0.0290250133219752,TRUE
"94",94,"Region.10",14,-3.03167739734553,0.998931513884858,-0.0462150469837084,TRUE
"95",95,"Region.10",0,-1.13674987562908,0.997988742315598,-0.0633914048695104,TRUE
"96",96,"Region.10",0,0.488045777063868,0.996750649821393,-0.0805490042187419,TRUE
"97",97,"Region.10",13,2.05366082794226,0.995217602773729,-0.097682767821716,TRUE
"98",98,"Region.10",0,2.61871633653184,0.993390054825894,-0.114787625522127,TRUE
"99",99,"Region.10",10,4.74425060097986,0.991268546778726,-0.131858515717391,TRUE
"100",100,"Region.10",0,4.90477163320491,0.988853706420588,-0.148890386856455,TRUE
"101",101,"Region.10",11,4.41224299272836,0.986146248341595,-0.165878198934631,TRUE
"102",102,"Region.10",0,4.02477464066813,0.98314697372215,-0.18281692498502,TRUE
"103",103,"Region.10",0,3.34000342995595,0.979856770095866,-0.199701552566064,TRUE
"104",104,"Region.10",0,2.1380000161021,0.976276611086932,-0.216527085244814,TRUE
"105",105,"Region.10",0,2.62040183692649,0.972407556121997,-0.233288544075455,TRUE
"106",106,"Region.10",0,2.8839339056738,0.968250750116672,-0.249980969072652,TRUE
"107",107,"Region.10",0,3.5740348546107,0.963807423136731,-0.266599420679294,TRUE
"108",108,"Region.10",0,3.44649048005358,0.959078890034113,-0.283138981228184,TRUE
"109",109,"Region.10",0,4.03476084373662,0.954066550057839,-0.29959475639726,TRUE
"110",110,"Region.10",0,2.51377173718133,0.948771886439947,-0.315961876657903,TRUE
"111",111,"Region.10",0,2.16327205817583,0.943196465956587,-0.332235498715904,TRUE
"112",112,"Region.10",10,4.10776545583742,0.937341938464377,-0.348410806944681,TRUE
"113",113,"Region.10",49,5.25625590699874,0.931210036412195,-0.364483014810291,TRUE
"114",114,"Region.10",51,6.86516129136689,0.924802574328509,-0.380447366287852,TRUE
"115",115,"Region.10",82,8.35917836223127,0.918121448284437,-0.396299137268918,TRUE
"116",116,"Region.10",60,8.3904505737741,0.911168635332663,-0.412033636959426,TRUE
"117",117,"Region.10",40,7.68107058032069,0.903946192922401,-0.427646209267775,TRUE
"118",118,"Region.10",10,5.63115330009618,0.896456258290558,-0.443132234182635,TRUE
"119",119,"Region.10",0,4.64932694908859,0.888701047829291,-0.458487129140088,TRUE
"120",120,"Region.10",10,5.14034948084059,0.880682856430148,-0.47370635037968,TRUE
"121",121,"Region.10",0,4.51515238573248,0.872404056804961,-0.488785394288992,TRUE
"122",122,"Region.10",0,4.83370415395456,0.863867098783735,-0.503719798736334,TRUE
"123",123,"Region.10",31,6.35989225138551,0.855074508589693,-0.518505144391157,TRUE
"124",124,"Region.10",83,7.74947069631383,0.846028888091734,-0.533137056031809,TRUE
"125",125,"Region.10",21,7.45460652939193,0.836732914034492,-0.547611203840231,TRUE
"126",126,"Region.10",59,8.08368086246447,0.82718933724625,-0.561923304683219,TRUE
"127",127,"Region.10",19,8.57306890473266,0.817400981824919,-0.576069123379876,TRUE
"128",128,"Region.10",40,11.8608668513165,0.807370744302349,-0.590044473954863,TRUE
"129",129,"Region.10",30,12.0436849247303,0.797101592787194,-0.603845220877103,TRUE
"130",130,"Region.10",10,12.3716035274634,0.786596566086602,-0.617467280283552,TRUE
"131",131,"Region.10",10,10.7581870863968,0.775858772806983,-0.63090662118767,TRUE
"132",132,"Region.10",41,10.4082869306065,0.764891390434123,-0.644159266672269,TRUE
"133",133,"Region.10",138,11.536264855668,0.753697664392914,-0.657221295066332,TRUE
"134",134,"Region.10",156,11.2015036492665,0.742280907086982,-0.670088841105511,TRUE
"135",135,"Region.10",48,10.6094974371132,0.730644496918491,-0.682758097075915,TRUE
"136",136,"Region.10",61,9.74115333456863,0.718791877288423,-0.695225313940872,TRUE
"137",137,"Region.10",20,10.7392976982494,0.706726555577616,-0.707486802450335,TRUE
"138",138,"Region.10",10,12.1174797536719,0.694452102108876,-0.719538934232584,TRUE
"139",139,"Region.10",20,12.0467776921461,0.681972149090463,-0.731378142867925,TRUE
"140",140,"Region.10",10,12.6156043929831,0.669290389541256,-0.74300092494405,TRUE
"141",141,"Region.10",19,13.1492805662513,0.656410576197938,-0.754403841092747,TRUE
"142",142,"Region.10",51,13.0289209829628,0.643336520404492,-0.765583517007675,TRUE
"143",143,"Region.10",31,12.8263965897987,0.630072090984369,-0.776536644442866,TRUE
"144",144,"Region.10",50,12.8332567340006,0.616621213095638,-0.787259982191692,TRUE
"145",145,"Region.10",51,12.486584299136,0.602987867069471,-0.797750357045993,TRUE
"146",146,"Region.10",31,11.899740210516,0.589176087232296,-0.808004664735075,TRUE
"147",147,"Region.10",50,12.4823084126086,0.575189960711978,-0.818019870844317,TRUE
"148",148,"Region.10",66,13.4749334989068,0.561033626228368,-0.827793011713102,TRUE
"149",149,"Region.10",9,13.7221813704635,0.546711272868594,-0.837321195311812,TRUE
"150",150,"Region.10",10,12.4587484396306,0.53222713884744,-0.846601602097627,TRUE
"151",151,"Region.10",0,12.5790757763465,0.517585510253189,-0.855631485848871,TRUE
"152",152,"Region.10",11,14.3368913700099,0.502790719779304,-0.864408174477665,TRUE
"153",153,"Region.10",73,17.5637903954832,0.487847145442312,-0.872929070820641,TRUE
"154",154,"Region.10",103,17.1081519614357,0.472759209286278,-0.881191653407483,TRUE
"155",155,"Region.10",9,17.1247478878667,0.457531376074251,-0.889193477207071,TRUE
"156",156,"Region.10",58,17.2057292685065,0.442168151967072,-0.896932174351006,TRUE
"157",157,"Region.10",39,17.2487364671797,0.426674083189925,-0.9044054548343,TRUE
"158",158,"Region.10",39,16.3909677641414,0.411053754687036,-0.911611107193024,TRUE
"159",159,"Region.10",49,16.2103653880423,0.395311788764915,-0.918546999158717,TRUE
"160",160,"Region.10",0,15.3590375137873,0.379452843724544,-0.925211078289358,TRUE
"161",161,"Region.10",40,13.5496818628591,0.363481612482906,-0.931601372576719,TRUE
"162",162,"Region.10",9,12.2866613702832,0.347402821184277,-0.937715991029909,TRUE
"163",163,"Region.10",38,14.3846216080041,0.331221227801687,-0.943553124234954,TRUE
"164",164,"Region.10",79,16.360724878427,0.314941620728951,-0.949111044890228,TRUE
"165",165,"Region.10",30,14.7620528321363,0.29856881736372,-0.954388108317591,TRUE
"166",166,"Region.10",20,14.0677189820047,0.282107662681919,-0.959382752949074,TRUE
"167",167,"Region.10",39,13.7231553119076,0.265563027804056,-0.964093500788975,TRUE
"168",168,"Region.10",78,14.5912498901242,0.248939808553767,-0.96851895785122,TRUE
"169",169,"Region.10",150,15.9769930596469,0.23224292400907,-0.972657814571865,TRUE
"170",170,"Region.10",105,16.3327141783842,0.21547731504673,-0.976508846196619,TRUE
"171",171,"Region.10",108,18.7079676643559,0.198647942880171,-0.980070913143267,TRUE
"172",172,"Region.10",97,19.0057914220401,0.181759787591375,-0.98334296133889,TRUE
"173",173,"Region.10",88,17.1724640312228,0.164817846657198,-0.986324022531787,TRUE
"174",174,"Region.10",50,16.0858502915876,0.14782713347053,-0.989013214577988,TRUE
"175",175,"Region.10",109,17.3413454554572,0.130792675856759,-0.991409741702304,TRUE
"176",176,"Region.10",87,18.0040846142388,0.11371951458595,-0.993512894733801,TRUE
"177",177,"Region.10",30,17.4583225941387,0.0966127018812031,-0.99532205131566,TRUE
"178",178,"Region.10",39,18.0789927310603,0.0794772999236214,-0.996836676089343,TRUE
"179",179,"Region.10",10,16.9168769557033,0.0623183793543251,-0.998056320853012,TRUE
"180",180,"Region.10",10,17.2128716000997,0.0451410177739719,-0.998980624694158,TRUE
"181",181,"Region.10",31,17.5068063665792,0.0279502982402103,-0.999609314096404,TRUE
"182",182,"Region.10",61,18.487099711269,0.0107513077635219,-0.999942203020442,TRUE
"183",183,"Region.10",10,18.6221563514732,-0.00645086419810515,-0.999979192959082,TRUE
"184",184,"Region.10",40,20.3818324494877,-0.0236511272452316,-0.999720272966408,TRUE
"185",185,"Region.10",98,21.1431625105532,-0.0408443915432966,-0.999165519661011,TRUE
"186",186,"Region.10",199,20.1832919672523,-0.0580255693287803,-0.998315097203318,TRUE
"187",187,"Region.10",134,20.3811949829125,-0.0751895764147586,-0.997169257247018,TRUE
"188",188,"Region.10",107,21.5880887423753,-0.0923313336953912,-0.995728338864587,TRUE
"189",189,"Region.10",128,18.6301009598403,-0.109445768648915,-0.993992768446958,TRUE
"190",190,"Region.10",66,17.1791845677705,-0.126527816838683,-0.99196305957734,TRUE
"191",191,"Region.10",39,16.1319482050074,-0.143572423411811,-0.989639812879241,TRUE
"192",192,"Region.10",118,16.8401018338501,-0.160574544594994,-0.987023715838738,TRUE
"193",193,"Region.10",392,19.262349374494,-0.177529149187035,-0.984115542601034,TRUE
"194",194,"Region.10",395,21.5041391314305,-0.194431220047662,-0.980916153741377,TRUE
"195",195,"Region.10",405,19.7138793815983,-0.21127575558218,-0.977426496010405,TRUE
"196",196,"Region.10",588,19.2001575321894,-0.22805777122152,-0.973647602053984,TRUE
"197",197,"Region.10",521,17.4949466307708,-0.24477230089726,-0.969580590107631,TRUE
"198",198,"Region.10",515,18.6064581356113,-0.261414398511156,-0.965226663665613,TRUE
"199",199,"Region.10",267,19.7650846555144,-0.27797913939878,-0.960587111124813,TRUE
"200",200,"Region.10",177,18.484654935104,-0.294461621786801,-0.95566330540347,TRUE
"201",201,"Region.10",69,19.9608104005506,-0.310856968243504,-0.950456703534915,TRUE
"202",202,"Region.10",90,22.5148801094873,-0.327160327122095,-0.944968846236406,TRUE
"203",203,"Region.10",199,23.8119637708308,-0.343366873996388,-0.939201357453208,TRUE
"204",204,"Region.10",274,23.2117698976529,-0.359471813088423,-0.933155943878043,TRUE
"205",205,"Region.10",290,23.8265404329049,-0.37547037868762,-0.926834394446049,TRUE
"206",206,"Region.10",516,23.4868107535763,-0.391357836561026,-0.920238579805407,TRUE
"207",207,"Region.10",616,21.9012874264372,-0.407129485354252,-0.913370451763786,TRUE
"208",208,"Region.10",312,21.0428700235774,-0.422780657982677,-0.90623204271077,TRUE
"209",209,"Region.10",386,21.53886156621,-0.438306723012519,-0.898825465016444,TRUE
"210",210,"Region.10",494,23.5748388438606,-0.453703086031344,-0.891152910406309,TRUE
"211",211,"Region.10",304,23.6374358233706,-0.468965191007632,-0.883216649312713,TRUE
"212",212,"Region.10",210,23.0669935638547,-0.484088521638976,-0.875019030202996,TRUE
"213",213,"Region.10",217,20.2109517049105,-0.499068602688532,-0.866562478884539,TRUE
"214",214,"Region.10",71,16.9634690226461,-0.51390100130931,-0.85784949778693,TRUE
"215",215,"Region.10",60,17.5013466631372,-0.528581328355929,-0.848882665221455,TRUE
"216",216,"Region.10",99,17.6998886973812,-0.543105239683432,-0.839664634618132,TRUE
"217",217,"Region.10",156,17.1249695064622,-0.557468437432789,-0.830198133740521,TRUE
"218",218,"Region.10",120,16.7867727238536,-0.571666671302705,-0.820485963878533,TRUE
"219",219,"Region.10",251,16.7564380035961,-0.585695739807351,-0.810530999019482,TRUE
"220",220,"Region.10",437,16.8761887646544,-0.599551491519649,-0.800336184997633,TRUE
"221",221,"Region.10",469,17.7047671618056,-0.61322982629975,-0.789904538622471,TRUE
"222",222,"Region.10",410,18.6360485232063,-0.62672669650833,-0.779239146785989,TRUE
"223",223,"Region.10",156,17.6979203743433,-0.64003810820435,-0.76834316554922,TRUE
"224",224,"Region.10",59,17.4133154498865,-0.65316012232693,-0.757219819208313,TRUE
"225",225,"Region.10",110,16.106142176923,-0.666088855860977,-0.745872399340406,TRUE
"226",226,"Region.10",162,15.2508509783923,-0.678820482986236,-0.734304263829602,TRUE
"227",227,"Region.10",127,16.5582503952035,-0.691351236209407,-0.722518835873311,TRUE
"228",228,"Region.10",87,16.6594733958691,-0.703677407479013,-0.710519602969275,TRUE
"229",229,"Region.10",39,15.9435872930624,-0.715795349282665,-0.698310115883558,TRUE
"230",230,"Region.10",70,17.6959063315392,-0.727701475726423,-0.685893987599823,TRUE
"231",231,"Region.10",48,18.2563728724732,-0.739392263595924,-0.673274892250183,TRUE
"232",232,"Region.10",28,17.2039580606154,-0.750864253398949,-0.660456564027975,TRUE
"233",233,"Region.10",77,16.2631678931579,-0.762114050389149,-0.647442796082747,TRUE
"234",234,"Region.10",60,15.511959617397,-0.773138325570603,-0.634237439397805,TRUE
"235",235,"Region.10",59,14.2331323174105,-0.78393381668292,-0.620844401650647,TRUE
"236",236,"Region.10",0,13.7171596182681,-0.794497329166599,-0.607267646056614,TRUE
"237",237,"Region.10",10,14.8922399332018,-0.804825737108345,-0.593511190196115,TRUE
"238",238,"Region.10",10,13.6673490872882,-0.81491598416608,-0.57957910482576,TRUE
"239",239,"Region.10",0,13.8600060490512,-0.824765084473361,-0.565475512673758,TRUE
"240",240,"Region.10",29,14.6961811806673,-0.834370123522954,-0.551204587219928,TRUE
"241",241,"Region.10",30,15.0003676245996,-0.843728259029271,-0.53677055146071,TRUE
"242",242,"Region.10",20,13.0083437636914,-0.852836721769459,-0.522177676659509,TRUE
"243",243,"Region.10",0,13.6538280436775,-0.861692816402852,-0.507430281082752,TRUE
"244",244,"Region.10",30,14.1926099793421,-0.870293922268567,-0.492532728722054,TRUE
"245",245,"Region.10",19,14.1383503745298,-0.878637494161,-0.477489428002839,TRUE
"246",246,"Region.10",9,14.6050941420896,-0.886721063082993,-0.462304830479811,TRUE
"247",247,"Region.10",0,14.669982103483,-0.89454223697645,-0.446983429519674,TRUE
"248",248,"Region.10",39,15.9606604151769,-0.902098701430184,-0.431529758971471,TRUE
"249",249,"Region.10",66,15.0874065114329,-0.909388220364792,-0.415948391824942,TRUE
"250",250,"Region.10",38,15.630995222929,-0.916408636694346,-0.400243938857306,TRUE
"251",251,"Region.10",29,15.8501888264943,-0.923157872964704,-0.384421047268855,TRUE
"252",252,"Region.10",20,15.4848589251027,-0.929633931968269,-0.368484399307779,TRUE
"253",253,"Region.10",9,16.3850327251433,-0.935834897334994,-0.352438710884603,TRUE
"254",254,"Region.10",19,15.2381086058636,-0.941758934099462,-0.336288730176683,TRUE
"255",255,"Region.10",0,14.4929885633443,-0.947404289243885,-0.320039236223139,TRUE
"256",256,"Region.10",0,15.5262987917033,-0.952769292216851,-0.303695037510659,TRUE
"257",257,"Region.10",0,15.0632079797023,-0.957852355427667,-0.287260970550596,TRUE
"258",258,"Region.10",0,13.6915971932296,-0.962651974716149,-0.270741898447764,TRUE
"259",259,"Region.10",10,12.515646092688,-0.967166729797731,-0.254142709461362,TRUE
"260",260,"Region.10",0,12.4683856943729,-0.97139528468375,-0.237468315558468,TRUE
"261",261,"Region.10",9,12.4600658823042,-0.975336388076784,-0.220723650960502,TRUE
"262",262,"Region.10",10,11.4993055742374,-0.978988873740932,-0.203913670683115,TRUE
"263",263,"Region.10",0,11.5476143688926,-0.982351660846924,-0.187043349069917,TRUE
"264",264,"Region.10",19,11.7067708366139,-0.985423754291952,-0.170117678320491,TRUE
"265",265,"Region.10",0,10.7148369676843,-0.988204244994142,-0.15314166701312,TRUE
"266",266,"Region.10",0,10.3281052384074,-0.990692310161561,-0.136120338622667,TRUE
"267",267,"Region.10",9,10.2540232257466,-0.992887213535696,-0.11905873003405,TRUE
"268",268,"Region.10",38,10.3563315371905,-0.994788305609327,-0.101961890051746,TRUE
"269",269,"Region.10",39,10.713186113325,-0.996395023818723,-0.0848348779057654,TRUE
"270",270,"Region.10",19,11.584703286743,-0.997706892710117,-0.0676827617545507,TRUE
"271",271,"Region.10",19,12.140646501349,-0.998723524080397,-0.0505106171852229,TRUE
"272",272,"Region.10",20,12.6957733946064,-0.999444617091986,-0.0333235257116313,TRUE
"273",273,"Region.10",0,12.4669638276075,-0.999869958361859,-0.0161265732706578,TRUE
"274",274,"Region.10",0,13.4541793307195,-0.999999422024692,0.00107515128279734,TRUE
"275",275,"Region.10",0,12.2831900674458,-0.999832969770105,0.0182765576816912,TRUE
"276",276,"Region.10",0,10.6603351017945,-0.999370650853997,0.0354725557531256,TRUE
"277",277,"Region.10",0,9.18959544072458,-0.998612602083973,0.052658056924614,TRUE
"278",278,"Region.10",10,8.19891309913079,-0.997559047778861,0.0698279757298709,TRUE
"279",279,"Region.10",10,7.91336861207738,-0.99621029970233,0.0869772313136861,TRUE
"280",280,"Region.10",0,6.39110431355779,-0.994566756970634,0.104100748935426,TRUE
"281",281,"Region.10",0,6.77025313662993,-0.992628905934509,0.121193461470736,TRUE
"282",282,"Region.10",10,6.89438102290906,-0.990397320035256,0.138250310910982,TRUE
"283",283,"Region.10",0,6.69152988342437,-0.987872659635043,0.155266249859996,TRUE
"284",284,"Region.10",0,6.77608731124203,-0.985055671821501,0.172236243027681,TRUE
"285",285,"Region.10",0,7.58383928263566,-0.981947190186646,0.189155268720041,TRUE
"286",286,"Region.10",20,6.54612816063683,-0.978548134580203,0.206018320325171,TRUE
"287",287,"Region.10",0,6.1052904502766,-0.974859510837413,0.2228204077948,TRUE
"288",288,"Region.10",9,6.21588207312315,-0.970882410481384,0.239556559120927,TRUE
"289",289,"Region.10",0,7.5006864290545,-0.966618010400097,0.256221821807116,TRUE
"290",290,"Region.10",10,7.22888443796851,-0.962067572498145,0.27281126433402,TRUE
"291",291,"Region.10",0,7.37422846154933,-0.957232443323312,0.289319977618695,TRUE
"292",292,"Region.10",31,7.14263358830818,-0.95211405366811,0.305743076467283,TRUE
"293",293,"Region.10",0,6.57957703563211,-0.946713918146386,0.322075701020611,TRUE
"294",294,"Region.10",10,6.41041262257061,-0.94103363474512,0.338313018192307,TRUE
"295",295,"Region.10",0,6.06711583273715,-0.935074884351557,0.354450223098987,TRUE
"296",296,"Region.10",0,5.96939364407388,-0.928839430255807,0.370482540482096,TRUE
"297",297,"Region.10",19,6.49356047436863,-0.922329117629054,0.386405226120985,TRUE
"298",298,"Region.10",0,4.9847426111751,-0.915545872977547,0.402213568236804,TRUE
"299",299,"Region.10",0,4.87510621001713,-0.908491703572508,0.417902888886787,TRUE
"300",300,"Region.10",10,3.49120673050092,-0.901168696856157,0.433468545348536,TRUE
"301",301,"Region.10",0,1.59024432427499,-0.893579019823995,0.44890593149388,TRUE
"302",302,"Region.10",9,-1.52111747321246,-0.885724918383564,0.464210479151892,TRUE
"303",303,"Region.10",20,-3.39000580926463,-0.877608716689839,0.479377659460694,TRUE
"304",304,"Region.10",0,-2.51705213515457,-0.869232816457479,0.494402984207618,TRUE
"305",305,"Region.10",10,-1.40277634249631,-0.860599696250118,0.509282007157336,TRUE
"306",306,"Region.10",10,-1.27207916848241,-0.851711910746919,0.524010325367576,TRUE
"307",307,"Region.10",10,-1.83845453126632,-0.842572089986603,0.538583580492023,TRUE
"308",308,"Region.10",0,-2.49514186008469,-0.833182938589178,0.552997460070027,TRUE
"309",309,"Region.10",0,-3.67805158265148,-0.823547234955601,0.567247698802723,TRUE
"310",310,"Region.10",0,-2.62456620693175,-0.813667830445599,0.581330079815204,TRUE
"311",311,"Region.10",0,-1.78722036368735,-0.803547648533912,0.595240435904367,TRUE
"312",312,"Region.10",10,-1.71009883836368,-0.793189683945184,0.608974650772049,TRUE
"313",313,"Region.10",0,-2.25825337387878,-0.782597001767783,0.622528660243106,TRUE
"314",314,"Region.10",0,-1.84231459679933,-0.771772736546784,0.635898453468074,TRUE
"315",315,"Region.10",0,-2.17810985694434,-0.76072009135641,0.64908007411004,TRUE
"316",316,"Region.10",0,-2.31663229513508,-0.749442336852196,0.662069621515381,TRUE
"317",317,"Region.10",0,-3.57553632941682,-0.737942810303139,0.67486325186804,TRUE
"318",318,"Region.10",10,-4.54164852798302,-0.726224914604154,0.687457179326966,TRUE
"319",319,"Region.10",0,-5.22175639118384,-0.714292117269103,0.699847677146407,TRUE
"320",320,"Region.10",0,-3.29163501749257,-0.702147949404698,0.712031078778713,TRUE
"321",321,"Region.10",0,-2.89748895352506,-0.689796004665589,0.724003778959331,TRUE
"322",322,"Region.10",0,-1.79384307017473,-0.677239938190948,0.735762234773653,TRUE
"323",323,"Region.10",0,-1.03911441464551,-0.664483465522855,0.74730296670543,TRUE
"324",324,"Region.10",10,-1.91280161478885,-0.651530361506802,0.75862255966641,TRUE
"325",325,"Region.10",20,-3.28305655952158,-0.638384459174664,0.769717664006922,TRUE
"326",326,"Region.10",11,-4.60901318497808,-0.625049648610438,0.780584996507087,TRUE
"327",327,"Region.10",0,-6.23018801488332,-0.611529875799105,0.791221341348381,TRUE
"328",328,"Region.10",0,-7.20263470001682,-0.597829141458954,0.801623551065243,TRUE
"329",329,"Region.10",10,-6.24810916640444,-0.5839514998577,0.811788547476461,TRUE
"330",330,"Region.10",9,-2.95782466255059,-0.569901057612762,0.821713322596059,TRUE
"331",331,"Region.10",0,-2.97614647193704,-0.555681972476049,0.831394939523406,TRUE
"332",332,"Region.10",19,-4.14506001749676,-0.541298452103617,0.840830533312289,TRUE
"333",333,"Region.10",0,-4.74267196667256,-0.526754752810554,0.850017311818702,TRUE
"334",334,"Region.10",0,-4.05155782296678,-0.512055178311465,0.858952556527084,TRUE
"335",335,"Region.10",20,-1.8284629422026,-0.497204078446937,0.867633623354773,TRUE
"336",336,"Region.10",0,-1.0588627751663,-0.482205847896353,0.876057943434428,TRUE
"337",337,"Region.10",9,-1.61375655931355,-0.46706492487743,0.884223023874204,TRUE
"338",338,"Region.10",0,-3.21949805102661,-0.451785789832884,0.892126448495435,TRUE
"339",339,"Region.10",0,-3.88168679992525,-0.436372964104592,0.899765878547621,TRUE
"340",340,"Region.10",0,-3.83110414507283,-0.420831008595656,0.907139053400504,TRUE
"341",341,"Region.10",10,-4.16861143160996,-0.405164522420756,0.914243791213023,TRUE
"342",342,"Region.10",0,-4.73167031172543,-0.389378141545202,0.921077989578953,TRUE
"343",343,"Region.10",0,-6.62983061568977,-0.373476537413072,0.927639626149046,TRUE
"344",344,"Region.10",9,-7.85481541110572,-0.357464415564861,0.933926759229476,TRUE
"345",345,"Region.10",0,-8.09257459538291,-0.341346514245036,0.939937528356413,TRUE
"346",346,"Region.10",19,-9.76574120939599,-0.325127602999909,0.945670154846569,TRUE
"347",347,"Region.10",0,-10.5879013040793,-0.308812481266254,0.951122942323536,TRUE
"348",348,"Region.10",0,-11.8302148937987,-0.292405976951077,0.956294277219772,TRUE
"349",349,"Region.10",0,-12.5850858666681,-0.27591294500296,0.961182629254084,TRUE
"350",350,"Region.10",0,-12.1888117321394,-0.259338265975405,0.965786551884458,TRUE
"351",351,"Region.10",0,-10.9051649164274,-0.242686844582595,0.970104682736117,TRUE
"352",352,"Region.10",9,-11.0249825440712,-0.225963608248019,0.974135744004672,TRUE
"353",353,"Region.10",0,-12.0693889662004,-0.209173505646356,0.977878542834239,TRUE
"354",354,"Region.10",0,-12.3221445840883,-0.192321505239095,0.981331971670428,TRUE
"355",355,"Region.10",19,-12.7822101155513,-0.175412593804278,0.984495008588086,TRUE
"356",356,"Region.10",0,-12.0399304467539,-0.158451774960837,0.987366717593701,TRUE
"357",357,"Region.10",0,-11.4255831648415,-0.141444067687941,0.989946248902378,TRUE
"358",358,"Region.10",0,-13.2754583781482,-0.1243945048398,0.992232839189301,TRUE
"359",359,"Region.10",0,-12.0122179559454,-0.107308131656362,0.994225811815616,TRUE
"360",360,"Region.10",0,-11.1981621713251,-0.0901900042703451,0.99592457702866,TRUE
"361",361,"Region.10",0,-10.0666240286939,-0.0730451882110466,0.997328632136475,TRUE
"362",362,"Region.10",0,-10.5226811855041,-0.0558787569053731,0.998437561656567,TRUE
"363",363,"Region.10",17,-10.6607656782885,-0.0386957901765278,0.999251037438848,TRUE
"364",364,"Region.10",9,-6.48589434506676,-0.0215013727408138,0.999768818762748,TRUE
"365",365,"Region.10",0,-2.2320514803782,-0.00430059270298286,0.999990752408443,TRUE
"366",366,"Region.10",0,-2.09948287238335,0.0129014599494197,0.999916772702195,TRUE
"367",367,"Region.10",0,-4.06284199558031,0.0300996948522586,0.999546901535791,TRUE
"368",368,"Region.10",17,-7.31570656139681,0.0472890227711324,0.99888124836006,TRUE
"369",369,"Region.10",0,-11.8087624277065,0.0644643571073618,0.997920010152484,TRUE
"370",370,"Region.10",9,-13.8477529188087,0.0816206154031914,0.996663471358916,TRUE
"371",371,"Region.10",0,-15.8648882102737,0.0987527208457738,0.995112003809399,TRUE
"372",372,"Region.10",16,-17.7090842655535,0.115855603769478,0.993266066608142,TRUE
"373",373,"Region.10",0,-17.5851326847489,0.132924203156091,0.991126205997661,TRUE
"374",374,"Region.10",9,-16.292390115077,0.149953468132445,0.988693055197138,TRUE
"375",375,"Region.10",0,-17.369281099964,0.166938359465059,0.985967334215041,TRUE
"376",376,"Region.10",0,-19.5827412243934,0.183873851051328,0.982949849636061,TRUE
"377",377,"Region.10",0,-16.2149778840007,0.200754931406824,0.97964149438243,TRUE
"378",378,"Region.10",0,-10.0257951738473,0.217576605148281,0.976043247449696,TRUE
"379",379,"Region.10",0,-7.70185650351118,0.234333894471804,0.972156173617016,TRUE
"380",380,"Region.10",0,-6.99128706173118,0.251021840625883,0.967981423132073,TRUE
"381",381,"Region.10",9,-8.08236570335006,0.267635505378766,0.963520231370703,TRUE
"382",382,"Region.10",0,-8.19622092166608,0.284169972479768,0.958773918471319,TRUE
"383",383,"Region.10",0,-8.75089423491689,0.300620349114058,0.953743888944271,TRUE
"384",384,"Region.10",0,-10.6608968625469,0.316981767350529,0.94843163125622,TRUE
"385",385,"Region.10",0,-12.6207244712337,0.333249385582293,0.942838717389684,TRUE
"386",386,"Region.10",16,-12.7481799526646,0.349418389959398,0.936966802377855,TRUE
"387",387,"Region.10",0,-9.7954037398993,0.365483995813312,0.930817623814856,TRUE
"388",388,"Region.10",25,-5.51021863901274,0.381441449072792,0.924393001341555,TRUE
"389",389,"Region.10",0,-4.18248336048284,0.397286027670689,0.917694836107104,TRUE
"390",390,"Region.10",0,-1.84354047627425,0.413013042941282,0.910725110206358,TRUE
"391",391,"Region.10",8,-0.932680355075001,0.428617841007726,0.903485886093345,TRUE
"392",392,"Region.10",8,-0.667538482979931,0.444095804159218,0.895979305970945,TRUE
"393",393,"Region.10",0,-0.883427334130796,0.459442352217446,0.888207591156989,TRUE
"394",394,"Region.10",0,-3.1180147118092,0.474652943891935,0.880173041426923,TRUE
"395",395,"Region.10",8,-5.35109356019557,0.489723078123896,0.871878034333276,TRUE
"396",396,"Region.10",0,-8.57630709171838,0.504648295418153,0.863325024502101,TRUE
"397",397,"Region.10",0,-10.4165936975817,0.519424179162784,0.854516542906612,TRUE
"398",398,"Region.10",0,-9.92203148940806,0.534046356936071,0.845455196118228,TRUE
"399",399,"Region.10",0,-6.17073406388129,0.548510501800361,0.836143665535246,TRUE
"400",400,"Region.10",0,-5.90331495411462,0.562812333582482,0.826584706589374,TRUE
"401",401,"Region.10",0,-6.75873811897834,0.576947620140316,0.816781147930353,TRUE
"402",402,"Region.10",0,-6.26193249412546,0.590912178615156,0.806735890588915,TRUE
"403",403,"Region.10",8,-3.66237367975078,0.604701876669482,0.796451907118318,TRUE
"404",404,"Region.10",9,-1.73354205399343,0.618312633709783,0.785932240714727,TRUE
"405",405,"Region.10",0,-2.14003986896614,0.631740422094075,0.775180004316674,TRUE
"406",406,"Region.10",0,-3.69037484954161,0.644981268323744,0.764198379683897,TRUE
"407",407,"Region.10",0,-2.9109401345553,0.658031254219365,0.752990616455802,TRUE
"408",408,"Region.10",0,-1.71821057867369,0.670886518080158,0.741560031189843,TRUE
"409",409,"Region.10",8,-7.11574901409772,0.683543255826725,0.729910006380102,TRUE
"410",410,"Region.10",0,-10.9054891014619,0.695997722126739,0.71804398945635,TRUE
"411",411,"Region.10",0,-10.2250820999775,0.708246231503249,0.705965491763901,TRUE
"412",412,"Region.10",0,-7.63070656139771,0.720285159425271,0.693678087524546,TRUE
"413",413,"Region.10",8,-4.83308348295497,0.732110943380346,0.681185412778885,TRUE
"414",414,"Region.10",0,-4.2467114329458,0.743720083928741,0.668491164310364,TRUE
"415",415,"Region.10",16,-5.19151658461302,0.755109145738996,0.655599098551335,TRUE
"416",416,"Region.10",0,-6.72105805818308,0.76627475860449,0.642513030471469,TRUE
"417",417,"Region.10",8,-7.0106717260048,0.777213618440736,0.629236832448846,TRUE
"418",418,"Region.10",0,-6.82093605205872,0.787922488263122,0.615774433124054,TRUE
"419",419,"Region.10",0,-3.91386456719551,0.798398199144777,0.602129816237643,TRUE
"420",420,"Region.10",9,-2.90976991656581,0.808637651154312,0.58830701945127,TRUE
"421",421,"Region.10",0,-2.26902992826151,0.818637814273143,0.574310133152891,TRUE
"422",422,"Region.10",0,-2.65376013356311,0.828395729292114,0.560143299246351,TRUE
"423",423,"Region.10",0,-2.09860770893407,0.837908508687181,0.545810709925725,TRUE
"424",424,"Region.10",0,-0.98766959470989,0.847173337473877,0.531316606434782,TRUE
"425",425,"Region.10",8,-1.96498735239724,0.856187474040306,0.516665277811932,TRUE
"426",426,"Region.10",0,-3.19724114456263,0.864948250958434,0.501861059621033,TRUE
"427",427,"Region.10",0,-3.03754386115085,0.873453075773424,0.486908332668424,TRUE
"428",428,"Region.10",8,-3.47057583009388,0.881699431770785,0.471811521706576,TRUE
"429",429,"Region.10",0,-3.631145132914,0.889684878721104,0.456575094124738,TRUE
"430",430,"Region.10",8,-2.17991337372781,0.897407053602157,0.441203558626963,TRUE
"431",431,"Region.10",0,-1.98111083281996,0.904863671298157,0.425701463897906,TRUE
"432",432,"Region.10",15,-1.67590625802466,0.912052525275964,0.410073397256804,TRUE
"433",433,"Region.10",8,-0.499625561903894,0.918971488238028,0.394323983300007,TRUE
"434",434,"Region.10",0,-0.149907919813495,0.925618512751892,0.378457882532489,TRUE
"435",435,"Region.10",0,-1.60120845649113,0.931991631856063,0.362479789988727,TRUE
"436",436,"Region.10",0,-3.27303827339161,0.938088959642065,0.34639443384337,TRUE
"437",437,"Region.10",7,-2.86676787500175,0.943908691812508,0.330206574012086,TRUE
"438",438,"Region.10",0,-1.84421072695482,0.949449106215014,0.31392100074304,TRUE
"439",439,"Region.10",0,-0.627952976247303,0.954708563351823,0.297542533199371,TRUE
"440",440,"Region.10",0,1.40366723397232,0.959685506864952,0.281076018033129,TRUE
"441",441,"Region.10",0,3.00772108340174,0.964378463996745,0.264526327951073,TRUE
"442",442,"Region.10",13,2.34127025453897,0.968786046025684,0.247898360272756,TRUE
"443",443,"Region.10",7,1.46076384443658,0.972906948677335,0.231197035481335,TRUE
"444",444,"Region.10",15,0.734084319514555,0.976739952510305,0.214427295767511,TRUE
"445",445,"Region.10",8,2.72297602048248,0.980283923277092,0.197594103567066,TRUE
"446",446,"Region.10",7,3.63897619139238,0.98353781225973,0.180702440092393,TRUE
"447",447,"Region.10",8,4.20065816038313,0.986500656580118,0.163757303858473,TRUE
"448",448,"Region.10",8,4.80943532173483,0.989171579484955,0.14676370920374,TRUE
"449",449,"Region.10",0,5.20891880354004,0.991549790605181,0.129726684806253,TRUE
"450",450,"Region.10",8,5.43252999524804,0.993634586189866,0.112651272195629,TRUE
"451",451,"Region.10",0,4.98750787649356,0.995425349314454,0.0955425242611781,TRUE
"452",452,"Region.10",0,4.43207475344389,0.996921550063325,0.0784055037566668,TRUE
"453",453,"Region.10",16,4.86660143844076,0.998122745686608,0.0612452818021715,TRUE
"454",454,"Region.10",8,6.58100408310902,0.999028580731191,0.0440669363834482,TRUE
"455",455,"Region.10",16,8.11733335331488,0.999638787145911,0.0268755508492803,TRUE
"456",456,"Region.10",7,6.88318231570181,0.999953184360873,0.0096762124072309,TRUE
"457",457,"Region.10",0,3.67338595183075,0.999971679340883,-0.00752598938174598,TRUE
"458",458,"Region.10",0,1.39283087000439,0.999694266612979,-0.0247259641093833,TRUE
"459",459,"Region.10",16,0.823521657984724,0.99912102826805,-0.0419186220264372,TRUE
"460",460,"Region.10",8,1.54530457984499,0.998252133936544,-0.0590988755488286,TRUE
"461",461,"Region.10",0,1.7399491022041,0.997087840738274,-0.0762616407631356,TRUE
"462",462,"Region.10",0,3.10911972628229,0.995628493206329,-0.0934018389310082,TRUE
"463",463,"Region.10",0,3.6698565101342,0.993874523185122,-0.110514397992051,TRUE
"464",464,"Region.10",0,3.10551734234491,0.991826449702602,-0.127594254064722,TRUE
"465",465,"Region.10",8,4.39404849538108,0.98948487881666,-0.144636352944821,TRUE
"466",466,"Region.10",0,4.87440748979565,0.986850503435797,-0.161635651601108,TRUE
"467",467,"Region.10",8,4.21265346400787,0.983924103114068,-0.178587119667618,TRUE
"468",468,"Region.10",0,3.4876828710017,0.980706543820412,-0.19548574093223,TRUE
"469",469,"Region.10",0,3.13097092613299,0.977198777682388,-0.212326514821036,TRUE
"470",470,"Region.10",0,3.35790769682475,0.973401842704431,-0.2291044578781,TRUE
"471",471,"Region.10",0,2.57753537678111,0.969316862460688,-0.245814605240144,TRUE
"472",472,"Region.10",16,2.13751400003729,0.964945045762534,-0.262452012105719,TRUE
"473",473,"Region.10",32,2.61788265940089,0.960287686300866,-0.279011755198467,TRUE
"474",474,"Region.10",32,2.57327917819074,0.955346162263279,-0.295488934223982,TRUE
"475",475,"Region.10",0,2.48060081273541,0.950121935926236,-0.311878673319901,TRUE
"476",476,"Region.10",0,3.97330593524115,0.94461655322236,-0.32817612249874,TRUE
"477",477,"Region.10",8,5.10670105445163,0.938831643282967,-0.344376459083085,TRUE
"478",478,"Region.10",0,3.8901527130871,0.932768917955978,-0.360474889132702,TRUE
"479",479,"Region.10",8,4.16987389757051,0.926430171299356,-0.376466648863143,TRUE
"480",480,"Region.10",8,5.92358508632118,0.91981727905022,-0.392347006055418,TRUE
"481",481,"Region.10",24,6.5789070224452,0.912932198069775,-0.408111261456345,TRUE
"482",482,"Region.10",25,7.33648572822102,0.905776965764254,-0.42375475016913,TRUE
"483",483,"Region.10",24,8.28008503687559,0.898353699482014,-0.43927284303378,TRUE
"484",484,"Region.10",22,10.0807787306406,0.890664595886976,-0.454660947996955,TRUE
"485",485,"Region.10",16,10.9432810529082,0.882711930308599,-0.469914511470829,TRUE
"486",486,"Region.10",0,11.2044434604099,0.874498056068575,-0.485029019680559,TRUE
"487",487,"Region.10",8,8.58267236955251,0.866025403784439,-0.499999999999999,TRUE
"488",488,"Region.10",0,7.07188851746686,0.857296480650314,-0.514823022275214,TRUE
"489",489,"Region.10",40,8.56052594121213,0.848313869694991,-0.529493700135431,TRUE
"490",490,"Region.10",32,8.88299765806965,0.839080229017568,-0.544007692291043,TRUE
"491",491,"Region.10",51,8.64667771757002,0.829598291000874,-0.558360703818266,TRUE
"492",492,"Region.10",38,10.0155625570354,0.819870861502922,-0.572548487430067,TRUE
"493",493,"Region.10",16,10.0563770769076,0.809900819026596,-0.586566844733018,TRUE
"494",494,"Region.10",39,11.167028921447,0.799691113867869,-0.600411627469661,TRUE
"495",495,"Region.10",109,11.8154686258367,0.789244767242756,-0.61407873874604,TRUE
"496",496,"Region.10",118,11.1650506334032,0.778564870393289,-0.627564134244047,TRUE
"497",497,"Region.10",72,11.5087637110098,0.767654583672767,-0.640863823418197,TRUE
"498",498,"Region.10",49,12.9862864793826,0.756517135610563,-0.653973870676489,TRUE
"499",499,"Region.10",15,12.9796348969515,0.74515582195674,-0.666890396545021,TRUE
"500",500,"Region.10",40,13.0791160208144,0.733574004706797,-0.679609578815979,TRUE
"501",501,"Region.10",0,12.1342215649727,0.72177511110679,-0.692127653678699,TRUE
"502",502,"Region.10",8,11.2401232292257,0.709762632639161,-0.704440916833433,TRUE
"503",503,"Region.10",8,12.396833017485,0.697540123989552,-0.71654572458751,TRUE
"504",504,"Region.10",8,13.0762834889025,0.685111201994913,-0.72843849493357,TRUE
"505",505,"Region.10",7,13.6296190321381,0.672479544573224,-0.740115708609532,TRUE
"506",506,"Region.10",31,13.6680978546811,0.659648889635141,-0.751573910139998,TRUE
"507",507,"Region.10",8,15.1430126949256,0.646623033977885,-0.762809708858792,TRUE
"508",508,"Region.10",39,14.7573503306002,0.633405832161709,-0.773819779912308,TRUE
"509",509,"Region.10",8,13.6606381214266,0.620001195369277,-0.784600865243384,TRUE
"510",510,"Region.10",16,14.8626147945144,0.606413090248276,-0.79514977455542,TRUE
"511",511,"Region.10",31,14.7770680789337,0.592645537737621,-0.805463386256437,TRUE
"512",512,"Region.10",22,14.2884959052855,0.578702611877601,-0.815538648382799,TRUE
"513",513,"Region.10",29,14.663466321592,0.564588438604296,-0.82537257950235,TRUE
"514",514,"Region.10",31,15.6626015175344,0.550307194528653,-0.834962269596659,TRUE
"515",515,"Region.10",24,16.4868964488577,0.535863105700558,-0.844304880922142,TRUE
"516",516,"Region.10",48,16.1134738540099,0.521260446358278,-0.853397648849801,TRUE
"517",517,"Region.10",157,15.2057505423006,0.506503537663646,-0.862237882683318,TRUE
"518",518,"Region.10",70,15.9676998787302,0.491596746423361,-0.870822966455275,TRUE
"519",519,"Region.10",73,16.062512769494,0.476544483796779,-0.879150359701264,TRUE
"520",520,"Region.10",62,16.6120607053918,0.461351203990576,-0.887217598211648,TRUE
"521",521,"Region.10",77,16.2606782000853,0.446021402940687,-0.895022294760762,TRUE
"522",522,"Region.10",16,15.434038197797,0.430559616981874,-0.902562139813333,TRUE
"523",523,"Region.10",24,14.7351443529029,0.414970421505356,-0.909834902207905,TRUE
"524",524,"Region.10",8,15.4584019022312,0.399258429604884,-0.916838429817077,TRUE
"525",525,"Region.10",38,16.6478781310792,0.383428290711641,-0.923570650184353,TRUE
"526",526,"Region.10",116,18.0407103844312,0.367484689218407,-0.930029571137419,TRUE
"527",527,"Region.10",301,19.1081353150451,0.351432343093375,-0.936213281377647,TRUE
"528",528,"Region.10",748,19.7085367198152,0.335276002484017,-0.942119951045692,TRUE
"529",529,"Region.10",358,19.9854649468862,0.319020448311453,-0.94774783226297,TRUE
"530",530,"Region.10",83,19.3957989656754,0.302670490855689,-0.953095259648885,TRUE
"531",531,"Region.10",139,18.0825036715107,0.286230968332179,-0.958160650813643,TRUE
"532",532,"Region.10",94,19.5238238770908,0.269706745460128,-0.962942506826501,TRUE
"533",533,"Region.10",151,19.0779107114644,0.253102712022931,-0.967439412659334,TRUE
"534",534,"Region.10",114,18.9983149941234,0.236423781421213,-0.971650037605359,TRUE
"535",535,"Region.10",24,19.583870469768,0.219674889218882,-0.975573135672909,TRUE
"536",536,"Region.10",0,19.9354234684934,0.202860991682601,-0.979207545954151,TRUE
"537",537,"Region.10",8,20.1626847294679,0.185987064315161,-0.982552192968612,TRUE
"538",538,"Region.10",65,18.9730761325456,0.169058100383147,-0.985606086981428,TRUE
"539",539,"Region.10",40,17.9852273289492,0.152079109439347,-0.988368324296229,TRUE
"540",540,"Region.10",15,17.9645475592695,0.135055115840344,-0.990838087522553,TRUE
"541",541,"Region.10",31,19.3946588474873,0.117991157259738,-0.993014645817728,TRUE
"542",542,"Region.10",24,21.3255033799474,0.100892283197403,-0.994897355103136,TRUE
"543",543,"Region.10",16,21.0989603339928,0.0837635534852683,-0.996485658254809,TRUE
"544",544,"Region.10",47,22.9695408667295,0.0666100367900327,-0.997779085268293,TRUE
"545",545,"Region.10",64,22.3165012142298,0.0494368091132585,-0.998777253397723,TRUE
"546",546,"Region.10",63,20.781869309445,0.0322489522893041,-0.999479867269092,TRUE
"547",547,"Region.10",81,18.6751941507076,0.0150515524815333,-0.999886718967652,TRUE
"548",548,"Region.10",64,19.0891388064079,-0.00215030132277289,-0.999997688099438,TRUE
"549",549,"Region.10",16,18.9959982871104,-0.0193515188183245,-0.9998127418269,TRUE
"550",550,"Region.10",85,21.026883946655,-0.0365470098881199,-0.999331934878616,TRUE
"551",551,"Region.10",107,23.409743792006,-0.0537316861097046,-0.998555409533096,TRUE
"552",552,"Region.10",93,24.4748289790048,-0.0709004622609116,-0.997483395576683,TRUE
"553",553,"Region.10",84,24.8433258704777,-0.088048257824655,-0.996116210235554,TRUE
"554",554,"Region.10",56,24.8106937418544,-0.10516999849235,-0.994454258081848,TRUE
"555",555,"Region.10",83,24.5919712429686,-0.122260617665466,-0.992498030913945,TRUE
"556",556,"Region.10",54,23.5990610092449,-0.139315057954831,-0.990248107610937,TRUE
"557",557,"Region.10",53,22.0193874375415,-0.156328272677185,-0.987705153961327,TRUE
"558",558,"Region.10",164,20.880838778773,-0.173295227348572,-0.984869922466011,TRUE
"559",559,"Region.10",147,21.425539832716,-0.190210901174135,-0.981743252115605,TRUE
"560",560,"Region.10",146,21.3541255901778,-0.207070288533843,-0.978326068142167,TRUE
"561",561,"Region.10",72,20.9131489967554,-0.223868400463731,-0.974619381745413,TRUE
"562",562,"Region.10",45,20.8907863257606,-0.240600266132226,-0.970624289793482,TRUE
"563",563,"Region.10",62,20.677099635082,-0.257260934311088,-0.966341974498359,TRUE
"564",564,"Region.10",31,20.0099886352557,-0.273845474840555,-0.961773703066034,TRUE
"565",565,"Region.10",8,18.5082004067955,-0.290348980088266,-0.956920827321521,TRUE
"566",566,"Region.10",96,18.4876915451304,-0.306766566401506,-0.951784783308827,TRUE
"567",567,"Region.10",206,20.3166557585354,-0.323093375552346,-0.946367090866008,TRUE
"568",568,"Region.10",201,22.5356106441257,-0.339324576175288,-0.940669353175419,TRUE
"569",569,"Region.10",114,23.0211826616518,-0.355455365196933,-0.934693256289311,TRUE
"570",570,"Region.10",101,20.3513500788161,-0.371480969257288,-0.928440568630898,TRUE
"571",571,"Region.10",242,19.7513733029701,-0.387396646122286,-0.921913140471056,TRUE
"572",572,"Region.10",223,18.683064486572,-0.403197686087085,-0.915112903380791,TRUE
"573",573,"Region.10",120,18.6161737916987,-0.418879413369743,-0.908041869659665,TRUE
"574",574,"Region.10",109,18.8220763595867,-0.434437187494862,-0.900702131740318,TRUE
"575",575,"Region.10",86,20.1085764084183,-0.449866404666781,-0.893095861569285,TRUE
"576",576,"Region.10",208,20.2240150774571,-0.465162499131904,-0.885225309964284,TRUE
"577",577,"Region.10",133,20.3224466346476,-0.480320944529788,-0.877092805948158,TRUE
"578",578,"Region.10",306,18.5280144563576,-0.495337255232566,-0.868700756059685,TRUE
"579",579,"Region.10",193,18.4394539430338,-0.510206987672309,-0.860051643641443,TRUE
"580",580,"Region.10",205,20.0849622974083,-0.524925741655961,-0.851148028104947,TRUE
"581",581,"Region.10",293,19.1710093646421,-0.539489161667412,-0.84199254417328,TRUE
"582",582,"Region.10",253,19.3461618135758,-0.553892938156379,-0.832587901101435,TRUE
"583",583,"Region.10",278,19.3230716580746,-0.568132808813667,-0.822936881874602,TRUE
"584",584,"Region.10",208,20.1552373365488,-0.582204559832448,-0.813042342384642,TRUE
"585",585,"Region.10",101,19.261609301499,-0.596104027155203,-0.802907210584977,TRUE
"586",586,"Region.10",62,18.6234907581268,-0.609827097705934,-0.792534485624164,TRUE
"587",587,"Region.10",114,18.2494102958189,-0.623369710607277,-0.781927236958402,TRUE
"588",588,"Region.10",32,18.4792731610093,-0.636727858382197,-0.771088603443224,TRUE
"589",589,"Region.10",65,19.377510499714,-0.649897588139857,-0.760021792404663,TRUE
"590",590,"Region.10",106,18.7921061621163,-0.662875002745338,-0.748730078690157,TRUE
"591",591,"Region.10",115,18.0468428064977,-0.675656261972873,-0.737216803699457,TRUE
"592",592,"Region.10",63,17.5951393335715,-0.688237583642228,-0.725485374395864,TRUE
"593",593,"Region.10",47,16.7221744381291,-0.700615244737905,-0.713539262298051,TRUE
"594",594,"Region.10",16,16.7902504570364,-0.712785582510847,-0.70138200245278,TRUE
"595",595,"Region.10",55,16.86490116847,-0.724744995562309,-0.689017192388832,TRUE
"596",596,"Region.10",73,16.6141938990244,-0.736489944909557,-0.676448491052436,TRUE
"597",597,"Region.10",123,16.8650760103301,-0.748016955033122,-0.663679617724528,TRUE
"598",598,"Region.10",40,16.7433753606582,-0.759322614905259,-0.650714350920156,TRUE
"599",599,"Region.10",24,16.0288118366868,-0.770403578999318,-0.637556527270361,TRUE
"600",600,"Region.10",86,16.3147590284329,-0.781256568279749,-0.624210040386848,TRUE
"601",601,"Region.10",56,17.1695821820019,-0.791878371172418,-0.610678839709809,TRUE
"602",602,"Region.10",40,16.588192107831,-0.802265844514957,-0.596966929339224,TRUE
"603",603,"Region.10",74,16.8698214455457,-0.812415914486889,-0.583078366849973,TRUE
"604",604,"Region.10",169,16.8732970299339,-0.82232557751921,-0.569017262091141,TRUE
"605",605,"Region.10",165,16.9416836606961,-0.831991901183195,-0.55478777596985,TRUE
"606",606,"Region.10",70,16.9234959800749,-0.841412025058158,-0.540394119219973,TRUE
"607",607,"Region.10",108,17.2414079664906,-0.850583161577889,-0.525840551156111,TRUE
"608",608,"Region.10",77,17.3754923313337,-0.859502596855541,-0.511131378413203,TRUE
"609",609,"Region.10",76,17.6979170605008,-0.868167691486717,-0.496270953672108,TRUE
"610",610,"Region.10",37,17.278225918788,-0.876575881330507,-0.481263674371591,TRUE
"611",611,"Region.10",80,17.233193887108,-0.884724678268261,-0.466113981407039,TRUE
"612",612,"Region.10",54,17.1715861015753,-0.892611670939865,-0.450826357816335,TRUE
"613",613,"Region.10",108,17.6869268506547,-0.900234525457296,-0.435405327453256,TRUE
"614",614,"Region.10",38,16.820229473213,-0.907590986095264,-0.419855453648785,TRUE
"615",615,"Region.10",16,17.5854096332665,-0.914678875958711,-0.404181337860753,TRUE
"616",616,"Region.10",8,16.1015635176298,-0.921496097626994,-0.388387618312197,TRUE
"617",617,"Region.10",7,15.9521693390618,-0.928040633774543,-0.372478968618827,TRUE
"618",618,"Region.10",0,14.9153147611664,-0.93431054776782,-0.356460096406031,TRUE
"619",619,"Region.10",0,14.425699226733,-0.9403039842384,-0.340335741915818,TRUE
"620",620,"Region.10",38,15.4076025304157,-0.946019169632008,-0.324110676604097,TRUE
"621",621,"Region.10",15,15.6559483299453,-0.951454412733338,-0.307789701728727,TRUE
"622",622,"Region.10",31,15.4076467247432,-0.95660810516651,-0.291377646928757,TRUE
"623",623,"Region.10",16,13.9816544654416,-0.961478721871018,-0.274879368795246,TRUE
"624",624,"Region.10",7,12.0831073049997,-0.966064821553021,-0.258299749434123,TRUE
"625",625,"Region.10",15,10.0041405210042,-0.970365047111836,-0.2416436950215,TRUE
"626",626,"Region.10",15,9.46265419696261,-0.974378126041539,-0.224916134351848,TRUE
"627",627,"Region.10",8,9.88776603375162,-0.97810287080751,-0.208122017379486,TRUE
"628",628,"Region.10",8,9.36769257039731,-0.981538179197847,-0.191266313753822,TRUE
"629",629,"Region.10",31,9.66765962124553,-0.984683034649528,-0.17435401134874,TRUE
"630",630,"Region.10",8,10.1681499081243,-0.98753650654923,-0.157390114786611,TRUE
"631",631,"Region.10",22,10.4968705637404,-0.990097750508709,-0.140379643957355,TRUE
"632",632,"Region.10",0,9.97236740020868,-0.992366008614672,-0.123327632532961,TRUE
"633",633,"Region.10",8,9.10694064182612,-0.994340609653052,-0.106239126477947,TRUE
"634",634,"Region.10",8,9.4221294718837,-0.996020969307633,-0.0891191825561879,TRUE
"635",635,"Region.10",8,8.98953728268788,-0.99740659033296,-0.0719728668345185,TRUE
"636",636,"Region.10",8,8.44216069624557,-0.998497062701478,-0.0548052531836224,TRUE
"637",637,"Region.10",8,7.75303329190357,-0.99929206372487,-0.0376214217765776,TRUE
"638",638,"Region.10",7,8.41626509595743,-0.999791358149542,-0.0204264575855568,TRUE
"639",639,"Region.10",0,7.62036600548683,-0.999994798226241,-0.00322544887710817,TRUE
"640",640,"Region.10",0,7.14899479180789,-0.999902323753777,0.0139765142935557,TRUE
"641",641,"Region.10",0,7.82769974105189,-0.999513962096831,0.0311743415887814,TRUE
"642",642,"Region.10",16,6.90900896404443,-0.998829828177868,0.0483629438947823,TRUE
"643",643,"Region.10",0,6.02158071049024,-0.997850124443121,0.0655372348275998,TRUE
"644",644,"Region.10",0,5.8930027035454,-0.996575140802686,0.0826921322382408,TRUE
"645",645,"Region.10",15,6.05701558164754,-0.995005254544735,0.0998225597165623,TRUE
"646",646,"Region.10",8,6.03923797198266,-0.99314093022387,0.116923448093473,TRUE
"647",647,"Region.10",16,4.9898588819896,-0.990982719523649,0.133989736940977,TRUE
"648",648,"Region.10",0,4.34963088797477,-0.988531261093343,0.151016376069632,TRUE
"649",649,"Region.10",8,4.44760249832512,-0.985787280358941,0.167998327022987,TRUE
"650",650,"Region.10",0,4.01208478475581,-0.982751589308488,0.184930564568545,TRUE
"651",651,"Region.10",16,3.78254646470999,-0.979425086251806,0.201808078184798,TRUE
"652",652,"Region.10",7,3.52642933451213,-0.975808755554668,0.218625873543937,TRUE
"653",653,"Region.10",0,3.08556428796309,-0.971903667347508,0.235378973989744,TRUE
"654",654,"Region.10",0,3.37148499262914,-0.967710977208754,0.252062422010262,TRUE
"655",655,"Region.10",0,3.22616460613921,-0.963231925822871,0.268671280704812,TRUE
"656",656,"Region.10",0,2.98081395455565,-0.958467838613224,0.285200635244899,TRUE
"657",657,"Region.10",0,2.19102471632098,-0.953420125349869,0.301645594328578,TRUE
"658",658,"Region.10",0,2.23913236666141,-0.948090279732367,0.318001291627884,TRUE
"659",659,"Region.10",0,2.56750218660126,-0.942479878947786,0.33426288722885,TRUE
"660",660,"Region.10",0,3.69495211625151,-0.936590583203981,0.350425569063711,TRUE
"661",661,"Region.10",0,3.10516800768023,-0.930424135238313,0.366484554334883,TRUE
"662",662,"Region.10",0,2.54561611639155,-0.923982359801943,0.382435090930255,TRUE
"663",663,"Region.10",0,3.18778421415172,-0.917267163119861,0.398272458829432,TRUE
"664",664,"Region.10",0,2.3833902015254,-0.910280532326802,0.413991971500456,TRUE
"665",665,"Region.10",8,4.05702943844227,-0.903024534879222,0.429588977286621,TRUE
"666",666,"Region.10",0,5.37551177310079,-0.895501317943504,0.445058860782984,TRUE
"667",667,"Region.10",0,3.5026436062051,-0.887713107760575,0.460397044202135,TRUE
"668",668,"Region.10",0,3.04300253093455,-0.879662208987129,0.475598988728828,TRUE
"669",669,"Region.10",0,0.845271529241036,-0.871351004013641,0.490660195863105,TRUE
"670",670,"Region.10",16,0.106908931213076,-0.862781952259374,0.505576208751464,TRUE
"671",671,"Region.10",0,-0.860258701460627,-0.853957589444607,0.520342613505713,TRUE
"672",672,"Region.10",0,-2.08726095526651,-0.844880526840268,0.534955040509118,TRUE
"673",673,"Region.10",0,-2.53572189967685,-0.835553450495214,0.549409165709438,TRUE
"674",674,"Region.10",9,-1.5580664054723,-0.825979120441398,0.563700711898481,TRUE
"675",675,"Region.10",9,-0.0059144162053446,-0.816160369877117,0.5778254499778,TRUE
"676",676,"Region.10",0,0.206244009842239,-0.806100104328631,0.591779200210154,TRUE
"677",677,"Region.10",8,0.141789052175176,-0.795801300790371,0.605557833456354,TRUE
"678",678,"Region.10",16,-1.69888234912025,-0.785267006843996,0.619157272397144,TRUE
"679",679,"Region.10",16,-1.39758360565486,-0.774500339756563,0.632573492739751,TRUE
"680",680,"Region.10",0,-0.898578713931849,-0.763504485558085,0.645802524408726,TRUE
"681",681,"Region.10",7,-1.87422042833262,-0.752282698098725,0.658840452720766,TRUE
"682",682,"Region.10",8,-3.65701909754526,-0.74083829808593,0.671683419543122,TRUE
"683",683,"Region.10",8,-4.91736759086301,-0.729174672101792,0.684327624435288,TRUE
"684",684,"Region.10",0,-5.03869954892552,-0.717295271600886,0.69676932577361,TRUE
"685",685,"Region.10",0,-6.26917205487426,-0.705203611888941,0.709004841858497,TRUE
"686",686,"Region.10",0,-6.80981246700092,-0.692903271082604,0.721030552003885,TRUE
"687",687,"Region.10",7,-8.10215902392908,-0.680397889050612,0.732842897608669,TRUE
"688",688,"Region.10",7,-4.65592543303278,-0.667691166336699,0.744438383209744,TRUE
"689",689,"Region.10",0,-3.01008168201815,-0.654786863064551,0.755813577516364,TRUE
"690",690,"Region.10",0,-1.9553065613963,-0.641688797825113,0.766965114425527,TRUE
"691",691,"Region.10",16,-1.12588272986453,-0.62840084654662,0.777889694018048,TRUE
"692",692,"Region.10",0,-2.24053456246898,-0.614926941347636,0.788584083535067,TRUE
"693",693,"Region.10",8,-3.26200546792033,-0.601271069373483,0.799045118334671,TRUE
"694",694,"Region.10",0,-6.17266531181825,-0.587437271616382,0.809269702828359,TRUE
"695",695,"Region.10",8,-4.43158917303112,-0.573429641719653,0.819254811397083,TRUE
"696",696,"Region.10",16,-1.47844099156826,-0.559252324766342,0.828997489286573,TRUE
"697",697,"Region.10",9,-1.56629182983121,-0.544909516052629,0.838494853481695,TRUE
"698",698,"Region.10",8,-4.25119514490284,-0.530405459846366,0.847744093559587,TRUE
"699",699,"Region.10",8,-4.86161685784449,-0.515744448131129,0.856742472521304,TRUE
"700",700,"Region.10",0,-5.20223427816478,-0.500930819336161,0.865487327601741,TRUE
"701",701,"Region.10",0,-6.00881300993972,-0.48596895705255,0.873976071057587,TRUE
"702",702,"Region.10",7,-8.12477068831354,-0.470863288736056,0.882206190933086,TRUE
"703",703,"Region.10",0,-9.9961695463009,-0.455618284396966,0.890175251803355,TRUE
"704",704,"Region.10",7,-12.848518061273,-0.440238455277329,0.897880895495072,TRUE
"705",705,"Region.10",7,-11.4636028060784,-0.424728352516018,0.905320841784298,TRUE
"706",706,"Region.10",0,-5.50532356770151,-0.409092565801977,0.912492889071227,TRUE
"707",707,"Region.10",15,-2.98524164195673,-0.393335722016048,0.919394915031682,TRUE
"708",708,"Region.10",7,-0.0502191172172801,-0.377462483861811,0.926024877245138,TRUE
"709",709,"Region.10",7,0.20471305813038,-0.361477548485813,0.932380813799108,TRUE
"710",710,"Region.10",0,-1.88457200693632,-0.345385646087603,0.93846084386971,TRUE
"711",711,"Region.10",0,-2.63538820445132,-0.329191538519994,0.944263168278229,TRUE
"712",712,"Region.10",7,-4.06772334837087,-0.312900017879955,0.94978607002352,TRUE
"713",713,"Region.10",0,-5.95316502799694,-0.296515905090549,0.955027914790103,TRUE
"714",714,"Region.10",8,-6.33532022042949,-0.280044048474343,0.959987151431778,TRUE
"715",715,"Region.10",0,-7.6206433569249,-0.263489322318719,0.964662312430636,TRUE
"716",716,"Region.10",0,-8.94321253882678,-0.246856625433484,0.969052014331322,TRUE
"717",717,"Region.10",7,-11.4319171587013,-0.230150879701244,0.973154958150419,TRUE
"718",718,"Region.10",0,-13.6539058700614,-0.213377028620928,0.976969929760842,TRUE
"719",719,"Region.10",22,-14.0677109875183,-0.196540035844935,0.980495800251113,TRUE
"720",720,"Region.10",7,-14.6119294877218,-0.179644883710313,0.98373152625943,TRUE
"721",721,"Region.10",14,-14.0982784511851,-0.162696571764392,0.986676150282409,TRUE
"722",722,"Region.10",7,-14.0963058938664,-0.145700115285349,0.989328800958426,TRUE
"723",723,"Region.10",15,-14.5811260472085,-0.128660543798105,0.991688693325469,TRUE
"724",724,"Region.10",0,-15.9883683294451,-0.111582899586002,0.99375512905342,TRUE
"725",725,"Region.10",0,-18.0800543692791,-0.0944722361987129,0.995527496650703,TRUE
"726",726,"Region.10",0,-20.5240124910738,-0.0773336169568227,0.997005271645228,TRUE
"727",727,"Region.10",14,-17.1329767888259,-0.0601721134534968,0.998188016739602,TRUE
"728",728,"Region.10",7,-13.5173431448036,-0.0429928040537219,0.999075381940521,TRUE
"729",729,"Region.10",6,-10.9938391045364,-0.0258007723915416,0.999667104662347,TRUE
"730",730,"Region.10",0,-10.5413824344048,-0.00860110586571618,0.999963009804806,TRUE
"731",731,"Region.10",14,-10.6228265356653,0.0086011058657152,0.999963009804806,TRUE
"732",732,"Region.10",0,-13.2530519797329,0.0258007723915407,0.999667104662347,TRUE
"733",733,"Region.10",7,-14.6082610111986,0.0429928040537209,0.999075381940521,TRUE
"734",734,"Region.10",0,-17.0164009605554,0.0601721134534958,0.998188016739602,TRUE
"735",735,"Region.10",0,-18.3174027344144,0.0773336169568218,0.997005271645228,TRUE
"736",736,"Region.10",0,-19.5766714366546,0.094472236198712,0.995527496650703,TRUE
"737",737,"Region.10",0,-19.8131727259548,0.111582899586001,0.993755129053421,TRUE
"738",738,"Region.10",7,-20.6227101704724,0.128660543798104,0.991688693325469,TRUE
"739",739,"Region.10",15,-19.4435033557204,0.145700115285348,0.989328800958426,TRUE
"740",740,"Region.10",0,-18.0458228629261,0.162696571764391,0.986676150282409,TRUE
"741",741,"Region.10",8,-15.440133557758,0.179644883710312,0.98373152625943,TRUE
"742",742,"Region.10",0,-13.4873932930145,0.196540035844936,0.980495800251113,TRUE
"743",743,"Region.10",0,-10.5965159185565,0.213377028620927,0.976969929760842,TRUE
"744",744,"Region.10",0,-10.1709938265356,0.230150879701243,0.973154958150419,TRUE
"745",745,"Region.10",8,-11.8427703798254,0.246856625433485,0.969052014331322,TRUE
"746",746,"Region.10",0,-13.0822354359189,0.263489322318718,0.964662312430636,TRUE
"747",747,"Region.10",8,-12.9229301488082,0.280044048474342,0.959987151431778,TRUE
"748",748,"Region.10",0,-13.4347232846109,0.296515905090548,0.955027914790103,TRUE
"749",749,"Region.10",8,-14.5243877282279,0.312900017879954,0.949786070023521,TRUE
"750",750,"Region.10",7,-13.6098175650543,0.329191538519993,0.94426316827823,TRUE
"751",751,"Region.10",7,-12.2495441651059,0.345385646087602,0.938460843869711,TRUE
"752",752,"Region.10",7,-12.0191474075366,0.361477548485812,0.932380813799108,TRUE
"753",753,"Region.10",0,-12.2532691937138,0.37746248386181,0.926024877245138,TRUE
"754",754,"Region.10",0,-13.1674865544794,0.393335722016048,0.919394915031682,TRUE
"755",755,"Region.10",8,-15.4994969032935,0.409092565801976,0.912492889071228,TRUE
"756",756,"Region.10",0,-17.1411638813561,0.424728352516017,0.905320841784298,TRUE
"757",757,"Region.10",0,-18.3427163332923,0.440238455277328,0.897880895495072,TRUE
"758",758,"Region.10",0,-17.526062817446,0.455618284396965,0.890175251803355,TRUE
"759",759,"Region.10",8,-15.5822012571276,0.470863288736055,0.882206190933087,TRUE
"760",760,"Region.10",0,-15.4742773817295,0.485968957052549,0.873976071057588,TRUE
"761",761,"Region.10",0,-15.7079469610102,0.50093081933616,0.865487327601741,TRUE
"762",762,"Region.10",8,-15.880288812352,0.515744448131128,0.856742472521305,TRUE
"763",763,"Region.10",0,-13.9764143169097,0.530405459846365,0.847744093559587,TRUE
"764",764,"Region.10",0,-11.2263948805887,0.544909516052629,0.838494853481696,TRUE
"765",765,"Region.10",0,-10.2001519629642,0.559252324766341,0.828997489286574,TRUE
"766",766,"Region.10",0,-9.62137272187459,0.573429641719652,0.819254811397084,TRUE
"767",767,"Region.10",15,-10.0013854947202,0.587437271616381,0.80926970282836,TRUE
"768",768,"Region.10",0,-13.3241521071136,0.601271069373483,0.799045118334671,TRUE
"769",769,"Region.10",8,-8.49977928535573,0.614926941347635,0.788584083535067,TRUE
"770",770,"Region.10",8,-6.56528252237131,0.628400846546619,0.777889694018048,TRUE
"771",771,"Region.10",0,-11.3269103077019,0.641688797825114,0.766965114425526,TRUE
"772",772,"Region.10",0,-15.2374094111282,0.65478686306455,0.755813577516365,TRUE
"773",773,"Region.10",0,-14.8286510019023,0.667691166336699,0.744438383209745,TRUE
"774",774,"Region.10",8,-16.1504600566014,0.680397889050611,0.73284289760867,TRUE
"775",775,"Region.10",0,-16.0722105844571,0.692903271082603,0.721030552003886,TRUE
"776",776,"Region.10",8,-15.5212815688822,0.70520361188894,0.709004841858497,TRUE
"777",777,"Region.10",0,-13.8968125357078,0.717295271600885,0.696769325773611,TRUE
"778",778,"Region.10",7,-9.6644505084563,0.729174672101791,0.684327624435288,TRUE
"779",779,"Region.10",0,-5.22085880876863,0.74083829808593,0.671683419543123,TRUE
"780",780,"Region.10",0,-5.23859287673855,0.752282698098724,0.658840452720766,TRUE
"781",781,"Region.10",0,-5.12300331974739,0.763504485558085,0.645802524408727,TRUE
"782",782,"Region.10",0,-7.06135911283278,0.774500339756563,0.632573492739752,TRUE
"783",783,"Region.10",16,-9.88081365250643,0.785267006843996,0.619157272397145,TRUE
"784",784,"Region.10",8,-11.0316843453849,0.795801300790371,0.605557833456354,TRUE
"785",785,"Region.10",14,-10.7954351985079,0.806100104328631,0.591779200210155,TRUE
"786",786,"Region.10",0,-10.7410823823486,0.816160369877117,0.577825449977801,TRUE
"787",787,"Region.10",0,-10.3993273021988,0.825979120441398,0.563700711898481,TRUE
"788",788,"Region.10",22,-11.4615457418712,0.835553450495214,0.549409165709439,TRUE
"789",789,"Region.10",0,-10.8923282397704,0.844880526840267,0.534955040509119,TRUE
"790",790,"Region.10",0,-10.6442863681339,0.853957589444607,0.520342613505714,TRUE
"791",791,"Region.10",0,-9.24783772957538,0.862781952259373,0.505576208751465,TRUE
"792",792,"Region.10",14,-11.5867742816506,0.87135100401364,0.490660195863106,TRUE
"793",793,"Region.10",0,-13.1356887740333,0.879662208987129,0.475598988728829,TRUE
"794",794,"Region.10",0,-13.3272259274811,0.887713107760574,0.460397044202136,TRUE
"795",795,"Region.10",0,-10.7809515764472,0.895501317943504,0.445058860782985,TRUE
"796",796,"Region.10",8,-10.170931438119,0.903024534879222,0.429588977286621,TRUE
"797",797,"Region.10",8,-8.92998591558355,0.910280532326802,0.413991971500455,TRUE
"798",798,"Region.10",0,-8.62793621474661,0.917267163119861,0.398272458829433,TRUE
"799",799,"Region.10",0,-10.4890160570722,0.923982359801943,0.382435090930256,TRUE
"800",800,"Region.10",8,-11.5252278773584,0.930424135238313,0.366484554334882,TRUE
"801",801,"Region.10",23,-10.426198308558,0.936590583203981,0.350425569063712,TRUE
"802",802,"Region.10",8,-5.44555282432041,0.942479878947785,0.334262887228851,TRUE
"803",803,"Region.10",8,-1.3131091297338,0.948090279732366,0.318001291627885,TRUE
"804",804,"Region.10",9,-1.07183288528071,0.953420125349868,0.301645594328579,TRUE
"805",805,"Region.10",0,-1.09433805540236,0.958467838613224,0.2852006352449,TRUE
"806",806,"Region.10",0,1.33268250312196,0.96323192582287,0.268671280704813,TRUE
"807",807,"Region.10",0,0.6509396162635,0.967710977208753,0.252062422010263,TRUE
"808",808,"Region.10",0,1.909166155097,0.971903667347508,0.235378973989745,TRUE
"809",809,"Region.10",0,2.81732063363663,0.975808755554668,0.218625873543938,TRUE
"810",810,"Region.10",0,3.44229056093658,0.979425086251806,0.201808078184799,TRUE
"811",811,"Region.10",0,1.45243680078341,0.982751589308488,0.184930564568545,TRUE
"812",812,"Region.10",11,-0.768289839306162,0.985787280358941,0.167998327022988,TRUE
"813",813,"Region.10",0,0.77587937534823,0.988531261093343,0.151016376069632,TRUE
"814",814,"Region.10",12,1.54874925868392,0.990982719523649,0.133989736940978,TRUE
"815",815,"Region.10",0,0.366947153149239,0.993140930223869,0.116923448093474,TRUE
"816",816,"Region.10",0,-3.26902677213916,0.995005254544735,0.0998225597165632,TRUE
"817",817,"Region.10",0,-7.40693829477624,0.996575140802686,0.0826921322382418,TRUE
"818",818,"Region.10",12,-5.97816772202313,0.997850124443121,0.0655372348276007,TRUE
"819",819,"Region.10",0,-5.80644733186044,0.998829828177868,0.0483629438947833,TRUE
"820",820,"Region.10",0,-3.92587514656027,0.999513962096831,0.0311743415887824,TRUE
"821",821,"Region.10",13,-1.93694699282735,0.999902323753776,0.0139765142935567,TRUE
"822",822,"Region.10",0,-1.47172219619558,0.999994798226241,-0.00322544887710719,TRUE
"823",823,"Region.10",0,-0.350821182142346,0.999791358149542,-0.0204264575855576,TRUE
"824",824,"Region.10",0,0.49002948994114,0.99929206372487,-0.0376214217765766,TRUE
"825",825,"Region.10",0,1.96460853282178,0.998497062701478,-0.0548052531836215,TRUE
"826",826,"Region.10",0,2.30534622031902,0.99740659033296,-0.0719728668345193,TRUE
"827",827,"Region.10",0,-2.34377580892326,0.996020969307633,-0.0891191825561869,TRUE
"828",828,"Region.10",0,-2.94673280384126,0.994340609653052,-0.106239126477946,TRUE
"829",829,"Region.10",38,-1.53364321757317,0.992366008614672,-0.12332763253296,TRUE
"830",830,"Region.10",0,-0.0282172375830939,0.990097750508709,-0.140379643957354,TRUE
"831",831,"Region.10",24,2.07943073446395,0.98753650654923,-0.15739011478661,TRUE
"832",832,"Region.10",0,3.79415161002955,0.984683034649528,-0.174354011348739,TRUE
"833",833,"Region.10",14,4.13246533225169,0.981538179197847,-0.191266313753821,TRUE
"834",834,"Region.10",12,4.11072805369498,0.97810287080751,-0.208122017379485,TRUE
"835",835,"Region.10",0,6.13585073950984,0.974378126041539,-0.224916134351847,TRUE
"836",836,"Region.10",0,6.07668645414483,0.970365047111836,-0.241643695021499,TRUE
"837",837,"Region.10",0,6.14823075550121,0.966064821553021,-0.258299749434122,TRUE
"838",838,"Region.10",35,6.58508607049205,0.961478721871019,-0.274879368795245,TRUE
"839",839,"Region.10",12,6.55084525528992,0.95660810516651,-0.291377646928757,TRUE
"840",840,"Region.10",12,5.76322303296476,0.951454412733338,-0.307789701728726,TRUE
"841",841,"Region.10",33,4.88652262222887,0.946019169632009,-0.324110676604096,TRUE
"842",842,"Region.10",0,4.18629245375146,0.940303984238401,-0.340335741915817,TRUE
"843",843,"Region.10",12,4.18258583271623,0.93431054776782,-0.35646009640603,TRUE
"844",844,"Region.10",0,4.96431837618378,0.928040633774543,-0.372478968618826,TRUE
"845",845,"Region.10",0,4.50006830062177,0.921496097626995,-0.388387618312196,TRUE
"846",846,"Region.10",0,4.8006365691217,0.914678875958712,-0.404181337860752,TRUE
"847",847,"Region.10",0,5.775099809773,0.907590986095264,-0.419855453648784,TRUE
"848",848,"Region.10",10,4.85513205318859,0.900234525457297,-0.435405327453255,TRUE
"849",849,"Region.10",11,5.84185563901355,0.892611670939865,-0.450826357816336,TRUE
"850",850,"Region.10",22,5.83472130683174,0.884724678268262,-0.466113981407039,TRUE
"851",851,"Region.10",22,4.96877376708705,0.876575881330507,-0.48126367437159,TRUE
"852",852,"Region.10",0,7.18275850568321,0.868167691486717,-0.496270953672109,TRUE
"853",853,"Region.10",11,8.50100272897465,0.859502596855542,-0.511131378413202,TRUE
"854",854,"Region.10",34,7.4192021308331,0.850583161577889,-0.525840551156111,TRUE
"855",855,"Region.10",10,8.72838304496099,0.841412025058158,-0.540394119219972,TRUE
"856",856,"Region.10",32,10.7892679115649,0.831991901183196,-0.554787775969849,TRUE
"857",857,"Region.10",0,10.0181632753823,0.82232557751921,-0.56901726209114,TRUE
"858",858,"Region.10",11,11.7282206178006,0.812415914486889,-0.583078366849972,TRUE
"859",859,"Region.10",81,13.3201382611504,0.802265844514958,-0.596966929339223,TRUE
"860",860,"Region.10",122,16.5736881736909,0.791878371172418,-0.610678839709809,TRUE
"861",861,"Region.10",147,17.1115468117459,0.781256568279749,-0.624210040386847,TRUE
"862",862,"Region.10",19,14.0953127598535,0.770403578999318,-0.63755652727036,TRUE
"863",863,"Region.10",0,11.5043346989014,0.759322614905259,-0.650714350920155,TRUE
"864",864,"Region.10",0,10.5897576339419,0.748016955033123,-0.663679617724528,TRUE
"865",865,"Region.10",21,9.646892835075,0.736489944909558,-0.676448491052435,TRUE
"866",866,"Region.10",10,12.3509431835569,0.72474499556231,-0.689017192388831,TRUE
"867",867,"Region.10",10,11.3777793972206,0.712785582510848,-0.70138200245278,TRUE
"868",868,"Region.10",31,11.3553792352379,0.700615244737905,-0.71353926229805,TRUE
"869",869,"Region.10",9,11.0483999905485,0.688237583642229,-0.725485374395863,TRUE
"870",870,"Region.10",10,11.141484654223,0.675656261972874,-0.737216803699457,TRUE
"871",871,"Region.10",30,11.1864567254268,0.662875002745339,-0.748730078690156,TRUE
"872",872,"Region.10",0,11.8700849002237,0.649897588139857,-0.760021792404663,TRUE
"873",873,"Region.10",0,12.0013356327155,0.636727858382197,-0.771088603443223,TRUE
"874",874,"Region.10",0,13.6418360474501,0.623369710607277,-0.781927236958401,TRUE
"875",875,"Region.10",9,13.7231355066367,0.609827097705934,-0.792534485624163,TRUE
"876",876,"Region.10",28,12.9603841481473,0.596104027155204,-0.802907210584976,TRUE
"877",877,"Region.10",36,13.3973754359766,0.582204559832449,-0.813042342384642,TRUE
"878",878,"Region.10",38,14.8247920892722,0.568132808813667,-0.822936881874603,TRUE
"879",879,"Region.10",160,17.5214548365293,0.55389293815638,-0.832587901101435,TRUE
"880",880,"Region.10",246,19.5791735712643,0.539489161667412,-0.84199254417328,TRUE
"881",881,"Region.10",134,19.1543559060715,0.52492574165596,-0.851148028104947,TRUE
"882",882,"Region.10",29,15.906350128978,0.51020698767231,-0.860051643641443,TRUE
"883",883,"Region.10",36,15.4289102540685,0.495337255232567,-0.868700756059684,TRUE
"884",884,"Region.10",48,15.5783433404674,0.480320944529788,-0.877092805948157,TRUE
"885",885,"Region.10",66,15.5835651320132,0.465162499131904,-0.885225309964283,TRUE
"886",886,"Region.10",19,15.1743549477894,0.449866404666782,-0.893095861569285,TRUE
"887",887,"Region.10",27,15.2069715044394,0.434437187494863,-0.900702131740318,TRUE
"888",888,"Region.10",19,13.7255349294497,0.418879413369744,-0.908041869659665,TRUE
"889",889,"Region.10",10,13.2732839076486,0.403197686087086,-0.91511290338079,TRUE
"890",890,"Region.10",0,14.172057862827,0.387396646122287,-0.921913140471055,TRUE
"891",891,"Region.10",28,14.3984752751858,0.371480969257289,-0.928440568630898,TRUE
"892",892,"Region.10",36,16.8458287364814,0.355455365196934,-0.93469325628931,TRUE
"893",893,"Region.10",54,18.3023802227751,0.339324576175289,-0.940669353175419,TRUE
"894",894,"Region.10",18,17.9645066648313,0.323093375552347,-0.946367090866007,TRUE
"895",895,"Region.10",19,17.716905839301,0.306766566401507,-0.951784783308827,TRUE
"896",896,"Region.10",9,17.1211334445143,0.290348980088267,-0.95692082732152,TRUE
"897",897,"Region.10",17,17.9821162879108,0.273845474840556,-0.961773703066033,TRUE
"898",898,"Region.10",0,16.6070241241282,0.257260934311088,-0.966341974498358,TRUE
"899",899,"Region.10",36,17.6235092335329,0.240600266132227,-0.970624289793482,TRUE
"900",900,"Region.10",89,17.8804347240283,0.223868400463732,-0.974619381745413,TRUE
"901",901,"Region.10",119,17.3637402100182,0.207070288533843,-0.978326068142166,TRUE
"902",902,"Region.10",18,17.1697066210374,0.190210901174136,-0.981743252115604,TRUE
"903",903,"Region.10",75,17.6203247049394,0.173295227348573,-0.984869922466011,TRUE
"904",904,"Region.10",80,17.2653674538745,0.156328272677184,-0.987705153961327,TRUE
"905",905,"Region.10",297,15.4215656201682,0.139315057954832,-0.990248107610937,TRUE
"906",906,"Region.10",222,15.3118743160914,0.122260617665467,-0.992498030913945,TRUE
"907",907,"Region.10",129,16.0993458064923,0.105169998492349,-0.994454258081848,TRUE
"908",908,"Region.10",185,17.2872426064647,0.0880482578246559,-0.996116210235554,TRUE
"909",909,"Region.10",78,17.0000011531695,0.0709004622609126,-0.997483395576683,TRUE
"910",910,"Region.10",0,15.2317519416633,0.0537316861097056,-0.998555409533096,TRUE
"911",911,"Region.10",40,14.3636283395696,0.0365470098881209,-0.999331934878616,TRUE
"912",912,"Region.10",26,14.0940429218575,0.0193515188183254,-0.9998127418269,TRUE
"913",913,"Region.10",27,16.1359231206321,0.00215030132277387,-0.999997688099438,TRUE
"914",914,"Region.10",35,17.4219025507584,-0.0150515524815324,-0.999886718967652,TRUE
"915",915,"Region.10",34,18.3671296701576,-0.0322489522893031,-0.999479867269092,TRUE
"916",916,"Region.10",53,19.9756598137565,-0.0494368091132575,-0.998777253397723,TRUE
"917",917,"Region.10",150,19.8580248263349,-0.0666100367900317,-0.997779085268293,TRUE
"918",918,"Region.10",79,18.8343714938869,-0.0837635534852673,-0.996485658254809,TRUE
"919",919,"Region.10",33,17.271848724941,-0.100892283197402,-0.994897355103136,TRUE
"920",920,"Region.10",42,16.8137067367959,-0.117991157259737,-0.993014645817728,TRUE
"921",921,"Region.10",34,18.153622974748,-0.135055115840343,-0.990838087522554,TRUE
"922",922,"Region.10",41,17.9689610804076,-0.152079109439346,-0.988368324296229,TRUE
"923",923,"Region.10",101,18.6198691703044,-0.169058100383146,-0.985606086981428,TRUE
"924",924,"Region.10",94,17.5107199759223,-0.18598706431516,-0.982552192968612,TRUE
"925",925,"Region.10",47,17.743039458994,-0.2028609916826,-0.979207545954152,TRUE
"926",926,"Region.10",50,19.559641733965,-0.219674889218881,-0.975573135672909,TRUE
"927",927,"Region.10",158,20.0837434739951,-0.236423781421212,-0.971650037605359,TRUE
"928",928,"Region.10",191,18.9847085244155,-0.25310271202293,-0.967439412659334,TRUE
"929",929,"Region.10",82,18.380986139599,-0.269706745460127,-0.962942506826501,TRUE
"930",930,"Region.10",130,18.1464784744996,-0.28623096833218,-0.958160650813642,TRUE
"931",931,"Region.10",222,18.688819065734,-0.302670490855687,-0.953095259648886,TRUE
"932",932,"Region.10",177,18.5657228363731,-0.319020448311453,-0.947747832262971,TRUE
"933",933,"Region.10",299,16.9668006658379,-0.335276002484018,-0.942119951045692,TRUE
"934",934,"Region.10",164,17.0731172748973,-0.351432343093372,-0.936213281377648,TRUE
"935",935,"Region.10",107,17.3361168509461,-0.367484689218406,-0.930029571137419,TRUE
"936",936,"Region.10",66,15.3839149717826,-0.38342829071164,-0.923570650184354,TRUE
"937",937,"Region.10",111,16.5070636113275,-0.399258429604881,-0.916838429817078,TRUE
"938",938,"Region.10",196,18.6498301031803,-0.414970421505355,-0.909834902207905,TRUE
"939",939,"Region.10",366,18.770353925419,-0.430559616981873,-0.902562139813333,TRUE
"940",940,"Region.10",285,17.6596702469807,-0.446021402940685,-0.895022294760764,TRUE
"941",941,"Region.10",275,19.266916616851,-0.461351203990576,-0.887217598211649,TRUE
"942",942,"Region.10",599,20.4357783907787,-0.476544483796778,-0.879150359701264,TRUE
"943",943,"Region.10",382,20.336616744774,-0.491596746423359,-0.870822966455277,TRUE
"944",944,"Region.10",244,19.5784282485889,-0.506503537663645,-0.862237882683319,TRUE
"945",945,"Region.10",299,18.4015207890438,-0.521260446358278,-0.853397648849802,TRUE
"946",946,"Region.10",117,17.6557134872333,-0.535863105700559,-0.844304880922142,TRUE
"947",947,"Region.10",114,18.7981798704248,-0.550307194528652,-0.834962269596659,TRUE
"948",948,"Region.10",176,19.8880587760926,-0.564588438604296,-0.82537257950235,TRUE
"949",949,"Region.10",44,18.3042098810281,-0.578702611877602,-0.815538648382799,TRUE
"950",950,"Region.10",17,17.7376103211599,-0.59264553773762,-0.805463386256437,TRUE
"951",951,"Region.10",35,17.1092287488546,-0.606413090248276,-0.795149774555421,TRUE
"952",952,"Region.10",52,17.009578577995,-0.620001195369278,-0.784600865243384,TRUE
"953",953,"Region.10",116,17.373363168486,-0.633405832161708,-0.773819779912309,TRUE
"954",954,"Region.10",59,17.6065442079406,-0.646623033977884,-0.762809708858793,TRUE
"955",955,"Region.10",26,17.3766687761493,-0.659648889635141,-0.751573910139998,TRUE
"956",956,"Region.10",68,18.3182436705068,-0.672479544573223,-0.740115708609532,TRUE
"957",957,"Region.10",41,19.4202788685756,-0.685111201994913,-0.728438494933571,TRUE
"958",958,"Region.10",298,20.4245050975642,-0.697540123989553,-0.71654572458751,TRUE
"959",959,"Region.10",377,21.0860493769034,-0.70976263263916,-0.704440916833433,TRUE
"960",960,"Region.10",325,21.9744989538562,-0.72177511110679,-0.692127653678699,TRUE
"961",961,"Region.10",260,21.044037066324,-0.733574004706798,-0.679609578815978,TRUE
"962",962,"Region.10",209,20.0905918576282,-0.745155821956739,-0.666890396545021,TRUE
"963",963,"Region.10",66,19.5004980253096,-0.756517135610562,-0.65397387067649,TRUE
"964",964,"Region.10",73,20.4590515854559,-0.767654583672768,-0.640863823418197,TRUE
"965",965,"Region.10",50,19.471892045679,-0.778564870393287,-0.62756413424405,TRUE
"966",966,"Region.10",84,18.1966237533711,-0.789244767242756,-0.614078738746041,TRUE
"967",967,"Region.10",39,16.6904778841087,-0.79969111386787,-0.60041162746966,TRUE
"968",968,"Region.10",50,16.0160950315902,-0.809900819026595,-0.58656684473302,TRUE
"969",969,"Region.10",51,16.7433824857353,-0.819870861502921,-0.572548487430067,TRUE
"970",970,"Region.10",60,16.4763129591275,-0.829598291000875,-0.558360703818265,TRUE
"971",971,"Region.10",49,16.8952344442806,-0.839080229017566,-0.544007692291045,TRUE
"972",972,"Region.10",52,16.1921500347693,-0.848313869694991,-0.529493700135432,TRUE
"973",973,"Region.10",18,14.9825417572902,-0.857296480650314,-0.514823022275214,TRUE
"974",974,"Region.10",16,13.4350644144565,-0.866025403784438,-0.500000000000002,TRUE
"975",975,"Region.10",93,14.6375597242201,-0.874498056068574,-0.48502901968056,TRUE
"976",976,"Region.10",143,14.4533298131801,-0.882711930308599,-0.469914511470828,TRUE
"977",977,"Region.10",137,14.7599354736711,-0.890664595886975,-0.454660947996958,TRUE
"978",978,"Region.10",124,14.8033804376596,-0.898353699482013,-0.43927284303378,TRUE
"979",979,"Region.10",86,14.4458368178129,-0.905776965764254,-0.423754750169129,TRUE
"980",980,"Region.10",92,16.0793306888285,-0.912932198069774,-0.408111261456348,TRUE
"981",981,"Region.10",113,14.4440513075778,-0.919817279050219,-0.392347006055419,TRUE
"982",982,"Region.10",40,12.4429913369715,-0.926430171299357,-0.376466648863142,TRUE
"983",983,"Region.10",59,12.5071410138168,-0.932768917955977,-0.360474889132705,TRUE
"984",984,"Region.10",43,12.7175253290766,-0.938831643282967,-0.344376459083086,TRUE
"985",985,"Region.10",17,13.1869491417387,-0.94461655322236,-0.32817612249874,TRUE
"986",986,"Region.10",9,12.6151684972944,-0.950121935926235,-0.311878673319903,TRUE
"987",987,"Region.10",9,13.4188534076709,-0.955346162263279,-0.295488934223983,TRUE
"988",988,"Region.10",8,13.2169479921303,-0.960287686300866,-0.279011755198466,TRUE
"989",989,"Region.10",0,13.1186589140718,-0.964945045762534,-0.262452012105722,TRUE
"990",990,"Region.10",8,13.8220364452438,-0.969316862460688,-0.245814605240145,TRUE
"991",991,"Region.10",9,13.8363490715368,-0.973401842704431,-0.229104457878101,TRUE
"992",992,"Region.10",0,12.3001012587964,-0.977198777682387,-0.212326514821038,TRUE
"993",993,"Region.10",9,10.7904523254619,-0.980706543820411,-0.195485740932231,TRUE
"994",994,"Region.10",9,10.8526973651983,-0.983924103114068,-0.178587119667619,TRUE
"995",995,"Region.10",16,11.3814146606156,-0.986850503435796,-0.161635651601111,TRUE
"996",996,"Region.10",8,11.094886551259,-0.98948487881666,-0.144636352944822,TRUE
"997",997,"Region.10",0,9.69920051060595,-0.991826449702602,-0.127594254064722,TRUE
"998",998,"Region.10",0,8.10398946569404,-0.993874523185123,-0.11051439799205,TRUE
"999",999,"Region.10",0,7.25801003076943,-0.995628493206329,-0.09340183893101,TRUE
"1000",1000,"Region.10",0,7.98881453541053,-0.997087840738274,-0.0762616407631357,TRUE
"1001",1001,"Region.10",9,9.29047592309582,-0.998252133936544,-0.0590988755488278,TRUE
"1002",1002,"Region.10",39,9.76508479431707,-0.999121028268049,-0.0419186220264391,TRUE
"1003",1003,"Region.10",33,11.4668849189752,-0.999694266612979,-0.0247259641093834,TRUE
"1004",1004,"Region.10",35,12.3886604040912,-0.999971679340883,-0.00752598938174518,TRUE
"1005",1005,"Region.10",17,13.501328551086,-0.999953184360873,0.00967621240722903,TRUE
"1006",1006,"Region.10",0,13.9562704262576,-0.999638787145911,0.0268755508492802,TRUE
"1007",1007,"Region.10",17,12.5439444153205,-0.999028580731191,0.044066936383449,TRUE
"1008",1008,"Region.10",17,11.5195339393876,-0.998122745686608,0.0612452818021696,TRUE
"1009",1009,"Region.10",8,9.94331071503584,-0.996921550063325,0.0784055037566667,TRUE
"1010",1010,"Region.10",8,8.84030743830291,-0.995425349314454,0.0955425242611789,TRUE
"1011",1011,"Region.10",8,9.14495623267518,-0.993634586189866,0.112651272195627,TRUE
"1012",1012,"Region.10",33,9.35421669319945,-0.991549790605182,0.129726684806252,TRUE
"1013",1013,"Region.10",0,9.19470985380692,-0.989171579484955,0.14676370920374,TRUE
"1014",1014,"Region.10",0,6.32387665077557,-0.986500656580118,0.163757303858471,TRUE
"1015",1015,"Region.10",0,4.07361772988674,-0.98353781225973,0.180702440092392,TRUE
"1016",1016,"Region.10",16,3.19433620466691,-0.980283923277092,0.197594103567067,TRUE
"1017",1017,"Region.10",0,2.23662207551432,-0.976739952510305,0.214427295767509,TRUE
"1018",1018,"Region.10",9,0.957980496330164,-0.972906948677335,0.231197035481334,TRUE
"1019",1019,"Region.10",9,0.89592306524186,-0.968786046025684,0.247898360272757,TRUE
"1020",1020,"Region.10",0,1.82065771195505,-0.964378463996746,0.264526327951071,TRUE
"1021",1021,"Region.10",9,1.85532765075418,-0.959685506864952,0.281076018033129,TRUE
"1022",1022,"Region.10",0,1.63943158206206,-0.954708563351823,0.297542533199372,TRUE
"1023",1023,"Region.10",16,2.75728290405201,-0.949449106215014,0.313921000743038,TRUE
"1024",1024,"Region.10",0,2.66987793405861,-0.943908691812508,0.330206574012086,TRUE
"1025",1025,"Region.10",0,1.71112303206737,-0.938088959642065,0.34639443384337,TRUE
"1026",1026,"Region.10",9,0.726955705879429,-0.931991631856064,0.362479789988725,TRUE
"1027",1027,"Region.10",0,0.325519005975394,-0.925618512751893,0.378457882532488,TRUE
"1028",1028,"Region.10",18,1.36734295855196,-0.918971488238028,0.394323983300007,TRUE
"1029",1029,"Region.10",0,0.691669344756924,-0.912052525275965,0.410073397256802,TRUE
"1030",1030,"Region.10",0,0.991669877292191,-0.904863671298158,0.425701463897905,TRUE
"1031",1031,"Region.10",9,1.03003323870762,-0.897407053602157,0.441203558626963,TRUE
"1032",1032,"Region.10",0,0.173511328599035,-0.889684878721105,0.456575094124737,TRUE
"1033",1033,"Region.10",0,-2.05901873675185,-0.881699431770785,0.471811521706576,TRUE
"1034",1034,"Region.10",9,-2.71057938921013,-0.873453075773424,0.486908332668424,TRUE
"1035",1035,"Region.10",0,-3.56627588653719,-0.864948250958435,0.501861059621031,TRUE
"1036",1036,"Region.10",9,-4.58006942206799,-0.856187474040306,0.516665277811931,TRUE
"1037",1037,"Region.10",16,-5.03360555591214,-0.847173337473877,0.531316606434782,TRUE
"1038",1038,"Region.10",0,-6.27012741812929,-0.837908508687183,0.545810709925723,TRUE
"1039",1039,"Region.10",8,-6.1408350709654,-0.828395729292114,0.56014329924635,TRUE
"1040",1040,"Region.10",0,-2.74786990826184,-0.818637814273143,0.574310133152891,TRUE
"1041",1041,"Region.10",8,1.09895085693406,-0.808637651154314,0.588307019451268,TRUE
"1042",1042,"Region.10",9,1.3609894229882,-0.798398199144777,0.602129816237642,TRUE
"1043",1043,"Region.10",9,0.0963169008994586,-0.787922488263122,0.615774433124054,TRUE
"1044",1044,"Region.10",0,-1.7039257129199,-0.777213618440738,0.629236832448844,TRUE
"1045",1045,"Region.10",0,-1.17159868236495,-0.766274758604491,0.642513030471468,TRUE
"1046",1046,"Region.10",0,-1.23680167425972,-0.755109145738996,0.655599098551335,TRUE
"1047",1047,"Region.10",9,-2.74489921921959,-0.743720083928743,0.668491164310362,TRUE
"1048",1048,"Region.10",34,-4.19638317526354,-0.732110943380346,0.681185412778885,TRUE
"1049",1049,"Region.10",0,-6.27084028516683,-0.720285159425271,0.693678087524546,TRUE
"1050",1050,"Region.10",9,-7.35360203978851,-0.708246231503251,0.705965491763899,TRUE
"1051",1051,"Region.10",8,-7.98132750385337,-0.69599772212674,0.718043989456349,TRUE
"1052",1052,"Region.10",9,-7.39310419762693,-0.683543255826725,0.729910006380102,TRUE
"1053",1053,"Region.10",9,-7.64423639399004,-0.670886518080158,0.741560031189844,TRUE
"1054",1054,"Region.10",0,-7.84745681099073,-0.658031254219367,0.752990616455801,TRUE
"1055",1055,"Region.10",9,-7.77907481132465,-0.644981268323745,0.764198379683897,TRUE
"1056",1056,"Region.10",0,-5.42827058645829,-0.631740422094075,0.775180004316675,TRUE
"1057",1057,"Region.10",0,-6.1040220146442,-0.618312633709784,0.785932240714726,TRUE
"1058",1058,"Region.10",0,-5.34767334791951,-0.604701876669482,0.796451907118318,TRUE
"1059",1059,"Region.10",9,-5.3427802657665,-0.590912178615156,0.806735890588915,TRUE
"1060",1060,"Region.10",0,-2.2177025779211,-0.576947620140318,0.816781147930352,TRUE
"1061",1061,"Region.10",11,-3.06951209457845,-0.562812333582482,0.826584706589374,TRUE
"1062",1062,"Region.10",8,-5.084862568599,-0.54851050180036,0.836143665535246,TRUE
"1063",1063,"Region.10",9,-6.1589021140048,-0.534046356936072,0.845455196118227,TRUE
"1064",1064,"Region.10",0,-7.39631887762295,-0.519424179162785,0.854516542906612,TRUE
"1065",1065,"Region.10",8,-6.75055702911764,-0.504648295418152,0.863325024502101,TRUE
"1066",1066,"Region.10",9,-4.5208856205885,-0.489723078123897,0.871878034333275,TRUE
"1067",1067,"Region.10",9,-2.99515688778566,-0.474652943891936,0.880173041426922,TRUE
"1068",1068,"Region.10",9,-4.57778022465317,-0.459442352217445,0.888207591156989,TRUE
"1069",1069,"Region.10",9,-7.89164638862923,-0.44409580415922,0.895979305970945,TRUE
"1070",1070,"Region.10",0,-10.2438334614294,-0.428617841007727,0.903485886093344,TRUE
"1071",1071,"Region.10",19,-8.00742752120165,-0.413013042941281,0.910725110206358,TRUE
"1072",1072,"Region.10",17,-7.3574822514541,-0.397286027670691,0.917694836107103,TRUE
"1073",1073,"Region.10",18,-7.51371720940324,-0.381441449072793,0.924393001341555,TRUE
"1074",1074,"Region.10",0,-8.64720826717613,-0.365483995813311,0.930817623814856,TRUE
"1075",1075,"Region.10",9,-11.2591690023512,-0.349418389959399,0.936966802377854,TRUE
"1076",1076,"Region.10",0,-12.4224224318321,-0.333249385582294,0.942838717389684,TRUE
"1077",1077,"Region.10",9,-10.0414727133162,-0.316981767350528,0.948431631256221,TRUE
"1078",1078,"Region.10",0,-9.17379227405609,-0.30062034911406,0.95374388894427,TRUE
"1079",1079,"Region.10",0,-7.82003540471522,-0.284169972479769,0.958773918471319,TRUE
"1080",1080,"Region.10",0,-7.84983368780275,-0.267635505378767,0.963520231370703,TRUE
"1081",1081,"Region.10",9,-9.90070105838928,-0.251021840625885,0.967981423132073,TRUE
"1082",1082,"Region.10",18,-12.2134911116372,-0.234333894471805,0.972156173617016,TRUE
"1083",1083,"Region.10",0,-13.5187220084686,-0.217576605148281,0.976043247449696,TRUE
"1084",1084,"Region.10",9,-13.9228071395993,-0.200754931406826,0.97964149438243,TRUE
"1085",1085,"Region.10",10,-13.7946986139501,-0.183873851051329,0.98294984963606,TRUE
"1086",1086,"Region.10",8,-8.74948749911075,-0.166938359465059,0.985967334215041,TRUE
"1087",1087,"Region.10",0,-3.88219382598152,-0.149953468132447,0.988693055197138,TRUE
"1088",1088,"Region.10",9,-4.10230293810638,-0.132924203156092,0.991126205997661,TRUE
"1089",1089,"Region.10",0,-4.54304653841398,-0.115855603769479,0.993266066608142,TRUE
"1090",1090,"Region.10",10,-5.29277555598134,-0.0987527208457756,0.995112003809398,TRUE
"1091",1091,"Region.10",9,-7.09481259800641,-0.0816206154031924,0.996663471358916,TRUE
"1092",1092,"Region.10",9,-6.55219426123514,-0.0644643571073619,0.997920010152484,TRUE
"1093",1093,"Region.10",0,-4.97689474917316,-0.0472890227711351,0.99888124836006,TRUE
"1094",1094,"Region.10",0,-5.58725031974667,-0.0300996948522596,0.999546901535791,TRUE
"1095",1095,"Region.10",0,-6.77677286264451,-0.0129014599494197,0.999916772702195,TRUE
"1096",1096,"Region.10",9,-8.61140960253261,0.00430059270298011,0.999990752408443,TRUE
"1097",1097,"Region.10",0,-9.30044910524085,0.0215013727408128,0.999768818762748,TRUE
"1098",1098,"Region.10",9,-12.723699072764,0.0386957901765277,0.999251037438848,TRUE
"1099",1099,"Region.10",9,-12.8190442727993,0.0558787569053704,0.998437561656567,TRUE
"1100",1100,"Region.10",8,-12.5023167376364,0.0730451882110456,0.997328632136475,TRUE
"1101",1101,"Region.10",0,-12.3402343293655,0.090190004270345,0.99592457702866,TRUE
"1102",1102,"Region.10",25,-11.2412950607566,0.10730813165636,0.994225811815616,TRUE
"1103",1103,"Region.10",36,-8.98006635660298,0.124394504839799,0.992232839189301,TRUE
"1104",1104,"Region.10",0,-8.06826981635448,0.141444067687941,0.989946248902378,TRUE
"1105",1105,"Region.10",0,-7.60255992095856,0.158451774960838,0.987366717593701,TRUE
"1106",1106,"Region.10",0,-5.65048545960909,0.175412593804277,0.984495008588086,TRUE
"1107",1107,"Region.10",8,-6.28844961722698,0.192321505239095,0.981331971670428,TRUE
"1108",1108,"Region.10",34,-7.04920231733604,0.209173505646357,0.977878542834238,TRUE
"1109",1109,"Region.10",18,-7.26013274677519,0.225963608248017,0.974135744004672,TRUE
"1110",1110,"Region.10",9,-7.18538459381559,0.242686844582595,0.970104682736117,TRUE
"1111",1111,"Region.10",0,-7.23783276319446,0.259338265975405,0.965786551884458,TRUE
"1112",1112,"Region.10",0,-7.25845632418643,0.275912945002959,0.961182629254084,TRUE
"1113",1113,"Region.10",0,-5.57716146752908,0.292405976951076,0.956294277219772,TRUE
"1114",1114,"Region.10",0,-3.36236111475831,0.308812481266255,0.951122942323535,TRUE
"1115",1115,"Region.10",0,-3.75259396320673,0.325127602999908,0.945670154846569,TRUE
"1116",1116,"Region.10",9,-5.11460150209851,0.341346514245036,0.939937528356413,TRUE
"1117",1117,"Region.10",0,-2.87623690725072,0.357464415564862,0.933926759229476,TRUE
"1118",1118,"Region.10",0,-2.04846841814558,0.37347653741307,0.927639626149047,TRUE
"1119",1119,"Region.10",0,-2.88780549335854,0.389378141545201,0.921077989578953,TRUE
"1120",1120,"Region.10",10,-6.4966939117841,0.405164522420756,0.914243791213022,TRUE
"1121",1121,"Region.10",8,-8.05970591781588,0.420831008595654,0.907139053400505,TRUE
"1122",1122,"Region.10",0,-12.6136418607787,0.436372964104592,0.899765878547621,TRUE
"1123",1123,"Region.10",0,-13.3028954372119,0.451785789832885,0.892126448495434,TRUE
"1124",1124,"Region.10",9,-12.6872691935787,0.467064924877429,0.884223023874204,TRUE
"1125",1125,"Region.10",8,-13.019804707462,0.482205847896353,0.876057943434428,TRUE
"1126",1126,"Region.10",0,-13.6625928877969,0.497204078446938,0.867633623354773,TRUE
"1127",1127,"Region.10",9,-14.9674685202728,0.512055178311463,0.858952556527085,TRUE
"1128",1128,"Region.10",8,-14.5727096422299,0.526754752810553,0.850017311818702,TRUE
"1129",1129,"Region.10",17,-13.8237370685442,0.541298452103618,0.840830533312288,TRUE
"1130",1130,"Region.10",9,-15.2176885960752,0.555681972476047,0.831394939523407,TRUE
"1131",1131,"Region.10",9,-14.9354982089177,0.569901057612761,0.82171332259606,TRUE
"1132",1132,"Region.10",26,-12.9880062553909,0.5839514998577,0.811788547476461,TRUE
"1133",1133,"Region.10",18,-11.2248766209631,0.597829141458953,0.801623551065244,TRUE
"1134",1134,"Region.10",10,-12.6876497056076,0.611529875799105,0.791221341348381,TRUE
"1135",1135,"Region.10",0,-16.3748369991666,0.625049648610438,0.780584996507087,TRUE
"1136",1136,"Region.10",9,-17.6924203465503,0.638384459174662,0.769717664006923,TRUE
"1137",1137,"Region.10",18,-14.1676693159293,0.651530361506801,0.758622559666411,TRUE
"1138",1138,"Region.10",0,-9.70446966653806,0.664483465522855,0.74730296670543,TRUE
"1139",1139,"Region.10",10,-7.82091822775771,0.677239938190947,0.735762234773654,TRUE
"1140",1140,"Region.10",11,-9.1476569741379,0.689796004665588,0.724003778959331,TRUE
"1141",1141,"Region.10",0,-10.4020721634612,0.702147949404698,0.712031078778713,TRUE
"1142",1142,"Region.10",8,-10.8342370194781,0.714292117269102,0.699847677146408,TRUE
"1143",1143,"Region.10",0,-10.7381468190249,0.726224914604154,0.687457179326967,TRUE
"1144",1144,"Region.10",0,-10.7824167770913,0.737942810303138,0.67486325186804,TRUE
"1145",1145,"Region.10",9,-12.2026778054136,0.749442336852194,0.662069621515383,TRUE
"1146",1146,"Region.10",0,-14.0963670530874,0.76072009135641,0.64908007411004,TRUE
"1147",1147,"Region.10",18,-14.7112626285746,0.771772736546784,0.635898453468075,TRUE
"1148",1148,"Region.10",18,-13.9590338559331,0.782597001767782,0.622528660243108,TRUE
"1149",1149,"Region.10",40,-12.1934333601111,0.793189683945184,0.608974650772049,TRUE
"1150",1150,"Region.10",0,-11.0703168158897,0.803547648533912,0.595240435904367,TRUE
"1151",1151,"Region.10",9,-9.25627563539125,0.813667830445598,0.581330079815206,TRUE
"1152",1152,"Region.10",0,-8.72313739739799,0.8235472349556,0.567247698802724,TRUE
"1153",1153,"Region.10",0,-10.1460959878246,0.833182938589178,0.552997460070027,TRUE
"1154",1154,"Region.10",18,-10.6045176564106,0.842572089986602,0.538583580492025,TRUE
"1155",1155,"Region.10",0,-11.792817145717,0.851711910746918,0.524010325367576,TRUE
"1156",1156,"Region.10",8,-10.7220040660362,0.860599696250118,0.509282007157336,TRUE
"1157",1157,"Region.10",0,-9.96731663722784,0.869232816457478,0.494402984207621,TRUE
"1158",1158,"Region.10",17,-10.4751481964348,0.877608716689838,0.479377659460696,TRUE
"1159",1159,"Region.10",0,-7.59605105260594,0.885724918383564,0.464210479151892,TRUE
"1160",1160,"Region.10",0,-5.11039857761833,0.893579019823996,0.448905931493879,TRUE
"1161",1161,"Region.10",0,-5.48518910907399,0.901168696856156,0.433468545348538,TRUE
"1162",1162,"Region.10",0,-3.39055526176056,0.908491703572508,0.417902888886787,TRUE
"1163",1163,"Region.10",0,-0.577518668673044,0.915545872977547,0.402213568236803,TRUE
"1164",1164,"Region.10",0,-1.16562054611476,0.922329117629054,0.386405226120987,TRUE
"1165",1165,"Region.10",17,-3.46857753534164,0.928839430255807,0.370482540482096,TRUE
"1166",1166,"Region.10",0,-8.81934364677047,0.935074884351558,0.354450223098986,TRUE
"1167",1167,"Region.10",8,-10.5252240308312,0.941033634745119,0.338313018192308,TRUE
"1168",1168,"Region.10",9,-7.52267048679453,0.946713918146386,0.322075701020611,TRUE
"1169",1169,"Region.10",18,-5.64980910686557,0.95211405366811,0.305743076467282,TRUE
"1170",1170,"Region.10",8,-6.4238487602914,0.957232443323311,0.289319977618697,TRUE
"1171",1171,"Region.10",0,-5.96431807677225,0.962067572498145,0.27281126433402,TRUE
"1172",1172,"Region.10",0,-5.75373528119304,0.966618010400097,0.256221821807116,TRUE
"1173",1173,"Region.10",16,-7.19509998437561,0.970882410481383,0.239556559120929,TRUE
"1174",1174,"Region.10",0,-7.93947078376485,0.974859510837412,0.222820407794801,TRUE
"1175",1175,"Region.10",0,-6.68719816756567,0.978548134580203,0.20601832032517,TRUE
"1176",1176,"Region.10",0,-5.78328824612595,0.981947190186646,0.189155268720043,TRUE
"1177",1177,"Region.10",15,-5.54124680243423,0.985055671821501,0.172236243027682,TRUE
"1178",1178,"Region.10",8,-5.5936997337338,0.987872659635043,0.155266249859995,TRUE
"1179",1179,"Region.10",8,-2.47334275795566,0.990397320035255,0.138250310910984,TRUE
"1180",1180,"Region.10",0,-1.88843468214366,0.992628905934509,0.121193461470737,TRUE
"1181",1181,"Region.10",8,-3.95392555786428,0.994566756970634,0.104100748935426,TRUE
"1182",1182,"Region.10",25,-4.84116351903653,0.99621029970233,0.086977231313688,TRUE
"1183",1183,"Region.10",34,-3.24961125272438,0.997559047778861,0.0698279757298719,TRUE
"1184",1184,"Region.10",0,-2.0757775614475,0.998612602083973,0.0526580569246132,TRUE
"1185",1185,"Region.10",8,-1.26683665345101,0.999370650853997,0.0354725557531274,TRUE
"1186",1186,"Region.10",8,-3.69733581900604,0.999832969770105,0.0182765576816922,TRUE
"1187",1187,"Region.10",8,-6.28901412840925,0.999999422024692,0.00107515128279743,TRUE
"1188",1188,"Region.10",31,-4.64763040592229,0.999869958361859,-0.0161265732706559,TRUE
"1189",1189,"Region.10",16,-1.15098757819372,0.999444617091986,-0.0333235257116304,TRUE
"1190",1190,"Region.10",9,0.211473068827506,0.998723524080397,-0.0505106171852228,TRUE
"1191",1191,"Region.10",0,-5.66281871051577,0.997706892710117,-0.0676827617545489,TRUE
"1192",1192,"Region.10",0,-4.41806287842157,0.996395023818723,-0.0848348779057644,TRUE
"1193",1193,"Region.10",0,-5.31018412593269,0.994788305609327,-0.101961890051746,TRUE
"1194",1194,"Region.10",0,-9.06306438605403,0.992887213535696,-0.119058730034048,TRUE
"1195",1195,"Region.10",31,-9.62404796710042,0.990692310161561,-0.136120338622666,TRUE
"1196",1196,"Region.10",16,-6.8450393838233,0.988204244994142,-0.15314166701312,TRUE
"1197",1197,"Region.10",16,-3.31181921791781,0.985423754291953,-0.170117678320489,TRUE
"1198",1198,"Region.10",14,1.94253688254353,0.982351660846924,-0.187043349069916,TRUE
"1199",1199,"Region.10",22,4.12927522578487,0.978988873740932,-0.203913670683115,TRUE
"1200",1200,"Region.10",15,4.43110282721129,0.975336388076784,-0.2207236509605,TRUE
"1201",1201,"Region.10",36,5.37220408480055,0.97139528468375,-0.237468315558467,TRUE
"1202",1202,"Region.10",22,7.32601452169584,0.967166729797731,-0.254142709461362,TRUE
"1203",1203,"Region.10",99,9.64200635561486,0.962651974716149,-0.270741898447762,TRUE
"1204",1204,"Region.10",136,11.183439800421,0.957852355427667,-0.287260970550595,TRUE
"1205",1205,"Region.10",21,9.77059238173052,0.952769292216851,-0.303695037510659,TRUE
"1206",1206,"Region.10",7,6.52376128016036,0.947404289243885,-0.320039236223136,TRUE
"1207",1207,"Region.10",15,8.19793846715024,0.941758934099462,-0.336288730176682,TRUE
"1208",1208,"Region.10",0,9.11138782739561,0.935834897334994,-0.352438710884603,TRUE
"1209",1209,"Region.10",22,10.1104718558279,0.92963393196827,-0.368484399307777,TRUE
"1210",1210,"Region.10",15,9.66264565004698,0.923157872964704,-0.384421047268855,TRUE
"1211",1211,"Region.10",8,9.31886641030216,0.916408636694346,-0.400243938857306,TRUE
"1212",1212,"Region.10",7,8.33932636130879,0.909388220364794,-0.41594839182494,TRUE
"1213",1213,"Region.10",7,7.55851969115537,0.902098701430185,-0.43152975897147,TRUE
"1214",1214,"Region.10",15,8.41091624082193,0.89454223697645,-0.446983429519674,TRUE
"1215",1215,"Region.10",59,7.48060792148927,0.886721063082993,-0.462304830479812,TRUE
"1216",1216,"Region.10",22,4.72369284099804,0.878637494161001,-0.477489428002837,TRUE
"1217",1217,"Region.10",23,5.74501223978645,0.870293922268567,-0.492532728722054,TRUE
"1218",1218,"Region.10",8,7.6138398041103,0.861692816402852,-0.507430281082752,TRUE
"1219",1219,"Region.10",14,7.99903760291708,0.85283672176946,-0.522177676659507,TRUE
"1220",1220,"Region.10",15,7.82871125842835,0.843728259029271,-0.53677055146071,TRUE
"1221",1221,"Region.10",51,9.0138215476201,0.834370123522953,-0.551204587219928,TRUE
"1222",1222,"Region.10",37,10.5097767663323,0.824765084473362,-0.565475512673756,TRUE
"1223",1223,"Region.10",15,7.8917933477018,0.81491598416608,-0.57957910482576,TRUE
"1224",1224,"Region.10",8,8.16998141892417,0.804825737108345,-0.593511190196116,TRUE
"1225",1225,"Region.10",16,9.50551583361536,0.7944973291666,-0.607267646056612,TRUE
"1226",1226,"Region.10",14,10.5813693906285,0.783933816682921,-0.620844401650646,TRUE
"1227",1227,"Region.10",29,10.647488877538,0.773138325570602,-0.634237439397806,TRUE
"1228",1228,"Region.10",22,11.1559253857575,0.76211405038915,-0.647442796082746,TRUE
"1229",1229,"Region.10",29,12.4053070439397,0.750864253398949,-0.660456564027975,TRUE
"1230",1230,"Region.10",35,12.9981566747743,0.739392263595924,-0.673274892250184,TRUE
"1231",1231,"Region.10",51,12.3854587795495,0.727701475726425,-0.685893987599821,TRUE
"1232",1232,"Region.10",104,11.973126717668,0.715795349282665,-0.698310115883558,TRUE
"1233",1233,"Region.10",41,11.2715221465298,0.703677407479013,-0.710519602969275,TRUE
"1234",1234,"Region.10",7,10.0824741311241,0.691351236209409,-0.722518835873309,TRUE
"1235",1235,"Region.10",0,10.348058120052,0.678820482986236,-0.734304263829601,TRUE
"1236",1236,"Region.10",0,10.916849087027,0.666088855860977,-0.745872399340407,TRUE
"1237",1237,"Region.10",0,9.91755445136622,0.653160122326931,-0.757219819208311,TRUE
"1238",1238,"Region.10",0,8.80758556504484,0.640038108204351,-0.76834316554922,TRUE
"1239",1239,"Region.10",8,11.9043303372326,0.62672669650833,-0.779239146785989,TRUE
"1240",1240,"Region.10",7,15.239003019288,0.613229826299752,-0.789904538622469,TRUE
"1241",1241,"Region.10",7,15.0035471076502,0.599551491519649,-0.800336184997632,TRUE
"1242",1242,"Region.10",58,14.9646572595814,0.58569573980735,-0.810530999019483,TRUE
"1243",1243,"Region.10",0,12.9738190273284,0.571666671302707,-0.820485963878531,TRUE
"1244",1244,"Region.10",29,10.3298785114485,0.55746843743279,-0.830198133740521,TRUE
"1245",1245,"Region.10",66,11.117564650778,0.543105239683432,-0.839664634618133,TRUE
"1246",1246,"Region.10",87,14.616016034975,0.528581328355931,-0.848882665221454,TRUE
"1247",1247,"Region.10",172,16.4181506111421,0.513901001309311,-0.85784949778693,TRUE
"1248",1248,"Region.10",375,14.9423610955536,0.499068602688532,-0.866562478884539,TRUE
"1249",1249,"Region.10",497,14.811710057961,0.484088521638978,-0.875019030202994,TRUE
"1250",1250,"Region.10",358,14.7543812793026,0.468965191007633,-0.883216649312712,TRUE
"1251",1251,"Region.10",244,14.7189583862584,0.453703086031344,-0.891152910406309,TRUE
"1252",1252,"Region.10",44,13.9105497570748,0.438306723012521,-0.898825465016443,TRUE
"1253",1253,"Region.10",60,13.9577455211149,0.422780657982678,-0.906232042710769,TRUE
"1254",1254,"Region.10",27,13.7534112088565,0.407129485354252,-0.913370451763786,TRUE
"1255",1255,"Region.10",14,13.4113911467624,0.391357836561028,-0.920238579805406,TRUE
"1256",1256,"Region.10",14,13.9770948277533,0.375470378687621,-0.926834394446049,TRUE
"1257",1257,"Region.10",29,13.4340384818211,0.359471813088423,-0.933155943878043,TRUE
"1258",1258,"Region.10",22,14.5654913810416,0.34336687399639,-0.939201357453207,TRUE
"1259",1259,"Region.10",52,16.3669435531708,0.327160327122096,-0.944968846236405,TRUE
"1260",1260,"Region.10",126,18.7867852851329,0.310856968243504,-0.950456703534915,TRUE
"1261",1261,"Region.10",133,20.0118813508826,0.294461621786803,-0.95566330540347,TRUE
"1262",1262,"Region.10",43,19.519022083422,0.277979139398781,-0.960587111124813,TRUE
"1263",1263,"Region.10",50,19.5105774182458,0.261414398511156,-0.965226663665613,TRUE
"1264",1264,"Region.10",99,19.4460357147952,0.244772300897262,-0.96958059010763,TRUE
"1265",1265,"Region.10",179,19.9763432007362,0.228057771221522,-0.973647602053983,TRUE
"1266",1266,"Region.10",174,19.3147628604663,0.21127575558218,-0.977426496010405,TRUE
"1267",1267,"Region.10",236,18.1184388437029,0.194431220047661,-0.980916153741378,TRUE
"1268",1268,"Region.10",444,20.0201366574573,0.177529149187036,-0.984115542601034,TRUE
"1269",1269,"Region.10",304,20.8500086353017,0.160574544594994,-0.987023715838738,TRUE
"1270",1270,"Region.10",189,20.9895810280152,0.143572423411811,-0.989639812879241,TRUE
"1271",1271,"Region.10",335,19.9490755457224,0.126527816838685,-0.991963059577339,TRUE
"1272",1272,"Region.10",593,18.6554491693318,0.109445768648916,-0.993992768446958,TRUE
"1273",1273,"Region.10",1881,19.8654814700437,0.0923313336953904,-0.995728338864587,TRUE
"1274",1274,"Region.10",4220,20.6159887300876,0.07518957641476,-0.997169257247018,TRUE
"1275",1275,"Region.10",6765,19.7667054984828,0.0580255693287809,-0.998315097203318,TRUE
"1276",1276,"Region.10",3181,18.4975618615149,0.0408443915432958,-0.999165519661011,TRUE
"1277",1277,"Region.10",1618,19.0356023172765,0.0236511272452335,-0.999720272966408,TRUE
"1278",1278,"Region.10",849,20.493632192093,0.00645086419810569,-0.999979192959082,TRUE
"1279",1279,"Region.10",540,19.9618383223624,-0.0107513077635227,-0.999942203020442,TRUE
"1280",1280,"Region.10",548,18.4313005640051,-0.0279502982402085,-0.999609314096404,TRUE
"1281",1281,"Region.10",421,18.9622667112868,-0.0451410177739714,-0.998980624694158,TRUE
"1282",1282,"Region.10",407,19.0642223551474,-0.0623183793543259,-0.998056320853012,TRUE
"1283",1283,"Region.10",300,17.880149636503,-0.0794772999236196,-0.996836676089344,TRUE
"1284",1284,"Region.10",228,16.4634299365667,-0.0966127018812026,-0.99532205131566,TRUE
"1285",1285,"Region.10",138,16.2745878677636,-0.11371951458595,-0.993512894733801,TRUE
"1286",1286,"Region.10",269,16.8055313551619,-0.130792675856757,-0.991409741702304,TRUE
"1287",1287,"Region.10",356,19.3805682049278,-0.14782713347053,-0.989013214577989,TRUE
"1288",1288,"Region.10",310,19.4390464910833,-0.164817846657198,-0.986324022531787,TRUE
"1289",1289,"Region.10",250,21.8475063722615,-0.181759787591374,-0.983342961338891,TRUE
"1290",1290,"Region.10",248,20.8481309728176,-0.19864794288017,-0.980070913143267,TRUE
"1291",1291,"Region.10",186,19.3915891159864,-0.21547731504673,-0.976508846196619,TRUE
"1292",1292,"Region.10",187,20.3407850094427,-0.232242924009068,-0.972657814571866,TRUE
"1293",1293,"Region.10",123,20.9738442919013,-0.248939808553766,-0.968518957851221,TRUE
"1294",1294,"Region.10",127,21.1242786877644,-0.265563027804056,-0.964093500788975,TRUE
"1295",1295,"Region.10",107,21.9031111160923,-0.282107662681918,-0.959382752949075,TRUE
"1296",1296,"Region.10",200,23.2466860350983,-0.298568817363719,-0.954388108317591,TRUE
"1297",1297,"Region.10",97,20.6824235927492,-0.314941620728952,-0.949111044890228,TRUE
"1298",1298,"Region.10",62,18.5121605485187,-0.331221227801684,-0.943553124234955,TRUE
"1299",1299,"Region.10",83,19.08405672882,-0.347402821184276,-0.93771599102991,TRUE
"1300",1300,"Region.10",63,18.763418221205,-0.363481612482906,-0.931601372576719,TRUE
"1301",1301,"Region.10",161,18.3349953136721,-0.379452843724542,-0.925211078289359,TRUE
"1302",1302,"Region.10",211,18.3705356977798,-0.395311788764914,-0.918546999158717,TRUE
"1303",1303,"Region.10",143,18.3422688083051,-0.411053754687035,-0.911611107193024,TRUE
"1304",1304,"Region.10",53,17.4509341436218,-0.426674083189923,-0.904405454834301,TRUE
"1305",1305,"Region.10",188,18.0744890876557,-0.442168151967071,-0.896932174351007,TRUE
"1306",1306,"Region.10",231,19.3250594981292,-0.457531376074251,-0.889193477207071,TRUE
"1307",1307,"Region.10",411,19.4207495565885,-0.472759209286276,-0.881191653407484,TRUE
"1308",1308,"Region.10",225,20.606522503208,-0.487847145442311,-0.872929070820642,TRUE
"1309",1309,"Region.10",172,20.7859670082109,-0.502790719779304,-0.864408174477665,TRUE
"1310",1310,"Region.10",165,23.6261136805191,-0.517585510253187,-0.855631485848872,TRUE
"1311",1311,"Region.10",124,24.1233944595473,-0.532227138847438,-0.846601602097627,TRUE
"1312",1312,"Region.10",232,24.2330398877406,-0.546711272868594,-0.837321195311812,TRUE
"1313",1313,"Region.10",99,21.1850863789314,-0.561033626228366,-0.827793011713103,TRUE
"1314",1314,"Region.10",60,16.7726987823218,-0.575189960711977,-0.818019870844318,TRUE
"1315",1315,"Region.10",109,16.3330185652037,-0.589176087232296,-0.808004664735075,TRUE
"1316",1316,"Region.10",49,15.3163901711177,-0.602987867069469,-0.797750357045995,TRUE
"1317",1317,"Region.10",50,15.7962215689884,-0.616621213095637,-0.787259982191693,TRUE
"1318",1318,"Region.10",111,16.0737639364343,-0.630072090984369,-0.776536644442866,TRUE
"1319",1319,"Region.10",438,16.5349018652962,-0.64333652040449,-0.765583517007676,TRUE
"1320",1320,"Region.10",573,16.2279908609314,-0.656410576197937,-0.754403841092748,TRUE
"1321",1321,"Region.10",392,16.1320691615884,-0.669290389541256,-0.74300092494405,TRUE
"1322",1322,"Region.10",295,15.6556330717665,-0.681972149090463,-0.731378142867925,TRUE
"1323",1323,"Region.10",180,15.7898226205489,-0.694452102108875,-0.719538934232585,TRUE
"1324",1324,"Region.10",164,14.4826968018828,-0.706726555577616,-0.707486802450335,TRUE
"1325",1325,"Region.10",61,12.2511561945937,-0.718791877288424,-0.695225313940872,TRUE
"1326",1326,"Region.10",34,13.3896663722773,-0.73064449691849,-0.682758097075916,TRUE
"1327",1327,"Region.10",14,13.7849622580986,-0.742280907086982,-0.670088841105512,TRUE
"1328",1328,"Region.10",28,13.7852186215273,-0.753697664392914,-0.657221295066331,TRUE
"1329",1329,"Region.10",30,14.3068430276894,-0.764891390434122,-0.64415926667227,TRUE
"1330",1330,"Region.10",7,14.5449215590124,-0.775858772806982,-0.630906621187671,TRUE
"1331",1331,"Region.10",20,13.6594319964713,-0.786596566086602,-0.617467280283551,TRUE
"1332",1332,"Region.10",14,13.7959454263846,-0.797101592787193,-0.603845220877105,TRUE
"1333",1333,"Region.10",43,14.5348764682829,-0.807370744302349,-0.590044473954863,TRUE
"1334",1334,"Region.10",15,13.5175490692075,-0.817400981824919,-0.576069123379875,TRUE
"1335",1335,"Region.10",15,11.6576531912634,-0.827189337246249,-0.561923304683221,TRUE
"1336",1336,"Region.10",52,12.9869397082032,-0.836732914034492,-0.547611203840232,TRUE
"1337",1337,"Region.10",37,14.6949461825439,-0.846028888091734,-0.533137056031809,TRUE
"1338",1338,"Region.10",14,15.1127358397299,-0.855074508589692,-0.518505144391159,TRUE
"1339",1339,"Region.10",0,15.5598614732912,-0.863867098783735,-0.503719798736334,TRUE
"1340",1340,"Region.10",0,16.4321397738136,-0.872404056804962,-0.488785394288992,TRUE
"1341",1341,"Region.10",44,15.6198686136758,-0.880682856430147,-0.473706350379682,TRUE
"1342",1342,"Region.10",14,15.3702199079373,-0.888701047829291,-0.458487129140088,TRUE
"1343",1343,"Region.10",66,15.4292678650427,-0.896456258290558,-0.443132234182634,TRUE
"1344",1344,"Region.10",22,13.9125308075665,-0.9039461929224,-0.427646209267776,TRUE
"1345",1345,"Region.10",48,13.7950737587702,-0.911168635332663,-0.412033636959427,TRUE
"1346",1346,"Region.10",13,15.7947319330067,-0.918121448284437,-0.396299137268918,TRUE
"1347",1347,"Region.10",42,15.837008947967,-0.924802574328508,-0.380447366287854,TRUE
"1348",1348,"Region.10",42,16.3177127511754,-0.931210036412194,-0.364483014810292,TRUE
"1349",1349,"Region.10",0,14.2567253641778,-0.937341938464377,-0.34841080694468,TRUE
"1350",1350,"Region.10",30,13.6425645149541,-0.943196465956586,-0.332235498715906,TRUE
"1351",1351,"Region.10",15,14.5963698797472,-0.948771886439947,-0.315961876657904,TRUE
"1352",1352,"Region.10",7,13.4414066721801,-0.954066550057839,-0.29959475639726,TRUE
"1353",1353,"Region.10",0,13.0023592964869,-0.959078890034112,-0.283138981228186,TRUE
"1354",1354,"Region.10",8,12.4531218076902,-0.96380742313673,-0.266599420679294,TRUE
"1355",1355,"Region.10",15,11.6588454485372,-0.968250750116672,-0.249980969072652,TRUE
"1356",1356,"Region.10",15,10.9000798513674,-0.972407556121996,-0.233288544075457,TRUE
"1357",1357,"Region.10",8,9.00507617196385,-0.976276611086932,-0.216527085244815,TRUE
"1358",1358,"Region.10",8,8.60232948185057,-0.979856770095866,-0.199701552566064,TRUE
"1359",1359,"Region.10",21,7.06927157795108,-0.983146973722149,-0.182816924985022,TRUE
"1360",1360,"Region.10",0,6.9045773533907,-0.986146248341595,-0.165878198934633,TRUE
"1361",1361,"Region.10",0,6.82665788363674,-0.988853706420588,-0.148890386856455,TRUE
"1362",1362,"Region.10",15,6.38599781974472,-0.991268546778725,-0.131858515717393,TRUE
"1363",1363,"Region.10",15,6.75766479017129,-0.993390054825893,-0.114787625522128,TRUE
"1364",1364,"Region.10",105,7.72111766425337,-0.995217602773729,-0.0976827678217161,TRUE
"1365",1365,"Region.10",8,7.61159175023415,-0.996750649821393,-0.0805490042187442,TRUE
"1366",1366,"Region.10",7,6.66476741215732,-0.997988742315598,-0.0633914048695116,TRUE
"1367",1367,"Region.10",0,4.53338714610122,-0.998931513884858,-0.0462150469837084,TRUE
"1368",1368,"Region.10",0,4.42124462178323,-0.999578685547896,-0.0290250133219778,TRUE
"1369",1369,"Region.10",0,5.14147697049456,-0.999930065796206,-0.011826390691834,TRUE
"1370",1370,"Region.10",0,4.7180181505787,-0.999985550650719,0.00537573155758379,TRUE
"1371",1371,"Region.10",8,5.2924661766966,-0.999745123692574,0.022576263041543,TRUE
"1372",1372,"Region.10",24,5.86664274454079,-0.999208856067975,0.0397701138460545,TRUE
"1373",1373,"Region.10",0,5.77550039845575,-0.998376906467142,0.0569521960340394,TRUE
"1374",1374,"Region.10",0,6.20301697137398,-0.997249521077345,0.0741174251509416,TRUE
"1375",1375,"Region.10",8,5.79337483720192,-0.99582703351006,0.0912607217293105,TRUE
"1376",1376,"Region.10",15,5.78492504458036,-0.994109864702242,0.108377012791876,TRUE
"1377",1377,"Region.10",15,4.94858170567422,-0.992098522791769,0.125461233352737,TRUE
"1378",1378,"Region.10",24,4.68395243158158,-0.989793602967072,0.142508327916169,TRUE
"1379",1379,"Region.10",8,4.24054599976085,-0.987195787291009,0.159513251972636,TRUE
"1380",1380,"Region.10",7,3.8026050412108,-0.984305844499033,0.176470973491522,TRUE
"1381",1381,"Region.10",0,3.05050848515412,-0.981124629771712,0.193376474410204,TRUE
"1382",1382,"Region.10",0,1.34699218623163,-0.977653084481664,0.210224752118983,TRUE
"1383",1383,"Region.10",23,1.37857527973342,-0.973892235914992,0.227010820941419,TRUE
"1384",1384,"Region.10",7,1.55854780154002,-0.969843196967294,0.243729713609682,TRUE
"1385",1385,"Region.10",23,2.12862415478781,-0.965507165814336,0.260376482734458,TRUE
"1386",1386,"Region.10",0,2.07060580094501,-0.960885425557497,0.276946202268937,TRUE
"1387",1387,"Region.10",7,0.884866365994238,-0.955979343844077,0.293433968966526,TRUE
"1388",1388,"Region.10",7,2.6133489763437,-0.950790372462583,0.309834903831802,TRUE
"1389",1389,"Region.10",7,3.43532245033729,-0.945320046913132,0.32614415356427,TRUE
"1390",1390,"Region.10",0,4.31292126113987,-0.939569985953063,0.34235689199454,TRUE
"1391",1391,"Region.10",15,4.06875015423387,-0.933541891117922,0.35846832151248,TRUE
"1392",1392,"Region.10",0,2.68598917074768,-0.927237546217954,0.374473674486884,TRUE
"1393",1393,"Region.10",0,1.99708460869969,-0.920658816810243,0.390368214676301,TRUE
"1394",1394,"Region.10",7,0.889210134214741,-0.913807649646662,0.406147238630578,TRUE
"1395",1395,"Region.10",7,0.322967079050397,-0.906686072097798,0.421806077082664,TRUE
"1396",1396,"Region.10",0,-0.518151649116956,-0.899296191553026,0.43734009633033,TRUE
"1397",1397,"Region.10",0,-0.139004903232453,-0.891640194796888,0.45274469960737,TRUE
"1398",1398,"Region.10",8,-0.896694581936878,-0.883720347361997,0.468015328443835,TRUE
"1399",1399,"Region.10",8,0.547014240341277,-0.875538992858631,0.483147464014967,TRUE
"1400",1400,"Region.10",9,2.96327981581142,-0.867098552281208,0.498136628478405,TRUE
"1401",1401,"Region.10",7,1.74868085249552,-0.858401523291891,0.512978386299228,TRUE
"1402",1402,"Region.10",8,-0.802242192296249,-0.849450479481482,0.527668345562514,TRUE
"1403",1403,"Region.10",7,0.656014521224224,-0.840248069607847,0.542202159272984,TRUE
"1404",1404,"Region.10",0,1.04013725904573,-0.830797016812125,0.55657552664133,TRUE
"1405",1405,"Region.10",15,-0.145982755452297,-0.82110011781289,0.570784194356902,TRUE
"1406",1406,"Region.10",0,-1.2658588556389,-0.811160242078563,0.584823957846331,TRUE
"1407",1407,"Region.10",8,-2.57176755355198,-0.80098033097829,0.598690662517722,TRUE
"1408",1408,"Region.10",7,-3.93842890939796,-0.79056339691155,0.612380204990063,TRUE
"1409",1409,"Region.10",0,-5.92481614332791,-0.779912522416718,0.625888534307501,TRUE
"1410",1410,"Region.10",0,-7.39426085090498,-0.769030859258918,0.639211653138059,TRUE
"1411",1411,"Region.10",8,-7.65128554808417,-0.757921627497349,0.652345618956524,TRUE
"1412",1412,"Region.10",0,-6.79495395608984,-0.746588114532414,0.665286545211111,TRUE
"1413",1413,"Region.10",0,-7.94680734478735,-0.735033674132941,0.678030602473538,TRUE
"1414",1414,"Region.10",0,-8.42963182021422,-0.72326172544374,0.690574019572228,TRUE
"1415",1415,"Region.10",0,-9.25206120119008,-0.711275751973816,0.702913084708261,TRUE
"1416",1416,"Region.10",7,-11.8384924177227,-0.699079300565556,0.715044146553744,TRUE
"1417",1417,"Region.10",7,-12.3911238889335,-0.686675980345157,0.726963615332306,TRUE
"1418",1418,"Region.10",8,-11.7641872427001,-0.674069461654617,0.738667963881374,TRUE
"1419",1419,"Region.10",8,-12.1575863393382,-0.661263474965639,0.750153728695904,TRUE
"1420",1420,"Region.10",0,-13.1074534860291,-0.648261809775714,0.761417510953298,TRUE
"1421",1421,"Region.10",33,-13.2418708228535,-0.635068313486745,0.772455977519173,TRUE
"1422",1422,"Region.10",7,-12.7454449267063,-0.621686890266548,0.783265861933679,TRUE
"1423",1423,"Region.10",15,-12.4249713315515,-0.608121499893544,0.7938439653781,TRUE
"1424",1424,"Region.10",23,-13.5403692227574,-0.594376156584984,0.804187157621447,TRUE
"1425",1425,"Region.10",9,-13.0937437279998,-0.580454927809098,0.814292377946727,TRUE
"1426",1426,"Region.10",7,-13.5898616362482,-0.566361933081455,0.824156636056665,TRUE
"1427",1427,"Region.10",8,-15.8853903062024,-0.552101342745922,0.833777012958591,TRUE
"1428",1428,"Region.10",0,-15.5204821617484,-0.537677376740614,0.8431506618282,TRUE
"1429",1429,"Region.10",0,-16.2307322572027,-0.523094303349132,0.852274808851984,TRUE
"1430",1430,"Region.10",0,-13.8576590052671,-0.508356437937514,0.861146754048044,TRUE
"1431",1431,"Region.10",0,-12.5102483889501,-0.493468141677238,0.869763872065064,TRUE
"1432",1432,"Region.10",0,-13.1387105861932,-0.4784338202547,0.878123612959185,TRUE
"1433",1433,"Region.10",15,-14.9875855628897,-0.463257922567493,0.886223502948579,TRUE
"1434",1434,"Region.10",8,-12.7867916836375,-0.447944939407892,0.894061145145487,TRUE
"1435",1435,"Region.10",0,-4.67202010403548,-0.432499402133978,0.901634220265486,TRUE
"1436",1436,"Region.10",14,-2.87311170900452,-0.41692588132873,0.908940487313807,TRUE
"1437",1437,"Region.10",36,-3.48785728558988,-0.401228985447501,0.915977784248488,TRUE
"1438",1438,"Region.10",7,-5.41305522950399,-0.385413359454325,0.922744028620143,TRUE
"1439",1439,"Region.10",0,-7.83130016021488,-0.369483683447385,0.929237218188204,TRUE
"1440",1440,"Region.10",8,-8.44243695226339,-0.353444671274088,0.935455431513416,TRUE
"1441",1441,"Region.10",0,-11.8163587392782,-0.337301069136184,0.941396828526412,TRUE
"1442",1442,"Region.10",0,-15.4726530151301,-0.321057654185273,0.947059651072228,TRUE
"1443",1443,"Region.10",0,-17.1818321654567,-0.304719233109164,0.952442223430568,TRUE
"1444",1444,"Region.10",7,-18.8452756327023,-0.288290640709517,0.957542952811672,TRUE
"1445",1445,"Region.10",8,-15.0583292036238,-0.271776738471137,0.962360329827654,TRUE
"1446",1446,"Region.10",8,-11.6543493080979,-0.255182413123373,0.966892928939152,TRUE
"1447",1447,"Region.10",0,-9.46811990533842,-0.238512575194076,0.971139408877165,TRUE
"1448",1448,"Region.10",8,-7.39495509109104,-0.221772157556484,0.975098513039961,TRUE
"1449",1449,"Region.10",24,-3.34757010776173,-0.204966113969496,0.978769069864922,TRUE
"1450",1450,"Region.10",15,-0.835343932679073,-0.188099417611797,0.982149993175229,TRUE
"1451",1451,"Region.10",0,-4.09472255623306,-0.171177059610202,0.985240282501282,TRUE
"1452",1452,"Region.10",8,-8.26542778346184,-0.15420404756269,0.988039023376751,TRUE
"1453",1453,"Region.10",0,-9.0439078105045,-0.1371854040566,0.990545387609183,TRUE
"1454",1454,"Region.10",8,-11.2453831460486,-0.120126165182352,0.992758633525079,TRUE
"1455",1455,"Region.10",8,-8.99764873642235,-0.10303137904318,0.994678106189364,TRUE
"1456",1456,"Region.10",0,-4.86455136916973,-0.0859061042613324,0.996303237599197,TRUE
"1457",1457,"Region.10",21,-5.809495911263,-0.0687554084811415,0.997633546852045,TRUE
"1458",1458,"Region.10",0,-7.94767647892427,-0.0515843668694093,0.998668640288,TRUE
"1459",1459,"Region.10",14,-6.80649232961802,-0.0343980606136078,0.99940821160626,TRUE
"1460",1460,"Region.10",7,-12.370282391032,-0.0172015754182626,0.999852041955773,TRUE
"1461",1461,"Region.10",0,-14.6110020780271,-9.79685083057902e-16,1,TRUE
"1462",1462,"Region.10",0,-17.537731268242,0.0172015754182607,0.999852041955773,TRUE
"1463",1463,"Region.10",7,-19.4842291154089,0.0343980606136058,0.99940821160626,TRUE
"1464",1464,"Region.10",6,-18.4551591210145,0.0515843668694073,0.998668640288,TRUE
"1465",1465,"Region.10",0,-16.4627266377644,0.0687554084811395,0.997633546852045,TRUE
"1466",1466,"Region.10",0,-14.5518464182374,0.0859061042613305,0.996303237599197,TRUE
"1467",1467,"Region.10",0,-14.6916987800637,0.103031379043178,0.994678106189365,TRUE
"1468",1468,"Region.10",7,-14.7858606708188,0.120126165182351,0.992758633525079,TRUE
"1469",1469,"Region.10",7,-17.3754481857927,0.137185404056598,0.990545387609184,TRUE
"1470",1470,"Region.10",7,-15.9862688616026,0.154204047562688,0.988039023376751,TRUE
"1471",1471,"Region.10",13,-13.1307224695207,0.1711770596102,0.985240282501282,TRUE
"1472",1472,"Region.10",0,-10.0476777164961,0.188099417611795,0.98214999317523,TRUE
"1473",1473,"Region.10",0,-9.02678231093301,0.204966113969494,0.978769069864922,TRUE
"1474",1474,"Region.10",0,-8.2289435861396,0.221772157556482,0.975098513039961,TRUE
"1475",1475,"Region.10",14,-8.5273002662124,0.238512575194074,0.971139408877166,TRUE
"1476",1476,"Region.10",16,-9.92933049813349,0.255182413123372,0.966892928939152,TRUE
"1477",1477,"Region.10",15,-11.0667779147282,0.271776738471136,0.962360329827655,TRUE
"1478",1478,"Region.10",7,-11.6311477455273,0.288290640709515,0.957542952811673,TRUE
"1479",1479,"Region.10",14,-12.5682217990865,0.304719233109162,0.952442223430568,TRUE
"1480",1480,"Region.10",7,-12.2873021211414,0.321057654185271,0.947059651072228,TRUE
"1481",1481,"Region.10",14,-10.7297280386942,0.337301069136182,0.941396828526413,TRUE
"1482",1482,"Region.10",7,-6.79204549507408,0.353444671274086,0.935455431513417,TRUE
"1483",1483,"Region.10",16,-4.64375629692437,0.369483683447383,0.929237218188205,TRUE
"1484",1484,"Region.10",0,-3.49399609226521,0.385413359454326,0.922744028620142,TRUE
"1485",1485,"Region.10",7,-1.26754814284983,0.4012289854475,0.915977784248488,TRUE
"1486",1486,"Region.10",8,-3.27700091472634,0.416925881328728,0.908940487313808,TRUE
"1487",1487,"Region.10",0,-10.7105144845961,0.43249940213398,0.901634220265486,TRUE
"1488",1488,"Region.10",0,-14.0434253093582,0.44794493940789,0.894061145145488,TRUE
"1489",1489,"Region.10",0,-13.9250171052133,0.463257922567491,0.88622350294858,TRUE
"1490",1490,"Region.10",16,-13.7345249514147,0.478433820254702,0.878123612959185,TRUE
"1491",1491,"Region.10",9,-14.2859556235032,0.493468141677236,0.869763872065065,TRUE
"1492",1492,"Region.10",7,-14.4999534691117,0.508356437937512,0.861146754048045,TRUE
"1493",1493,"Region.10",16,-13.4017914491991,0.523094303349133,0.852274808851983,TRUE
"1494",1494,"Region.10",8,-14.2544914856179,0.537677376740613,0.843150661828201,TRUE
"1495",1495,"Region.10",8,-13.3493183984908,0.55210134274592,0.833777012958592,TRUE
"1496",1496,"Region.10",16,-11.703579228406,0.566361933081453,0.824156636056666,TRUE
"1497",1497,"Region.10",8,-11.1643623488039,0.580454927809097,0.814292377946728,TRUE
"1498",1498,"Region.10",8,-12.8386815558229,0.594376156584983,0.804187157621448,TRUE
"1499",1499,"Region.10",22,-15.0275097730482,0.608121499893542,0.793843965378102,TRUE
"1500",1500,"Region.10",0,-14.1317259465663,0.621686890266546,0.78326586193368,TRUE
"1501",1501,"Region.10",8,-12.3062459848612,0.635068313486743,0.772455977519175,TRUE
"1502",1502,"Region.10",0,-11.7945216583638,0.648261809775713,0.761417510953299,TRUE
"1503",1503,"Region.10",0,-12.0405312336149,0.661263474965637,0.750153728695905,TRUE
"1504",1504,"Region.10",0,-11.787032141978,0.674069461654616,0.738667963881375,TRUE
"1505",1505,"Region.10",0,-10.9716180439442,0.686675980345156,0.726963615332308,TRUE
"1506",1506,"Region.10",7,-12.5447570172858,0.699079300565555,0.715044146553746,TRUE
"1507",1507,"Region.10",0,-12.2252778392069,0.711275751973815,0.702913084708262,TRUE
"1508",1508,"Region.10",0,-10.7494755076434,0.723261725443739,0.690574019572229,TRUE
"1509",1509,"Region.10",16,-9.26732579855345,0.73503367413294,0.67803060247354,TRUE
"1510",1510,"Region.10",8,-8.26233999102761,0.746588114532413,0.665286545211112,TRUE
"1511",1511,"Region.10",0,-9.32744171505319,0.757921627497347,0.652345618956526,TRUE
"1512",1512,"Region.10",0,-8.76561580548276,0.769030859258917,0.63921165313806,TRUE
"1513",1513,"Region.10",8,-5.04733449103708,0.779912522416717,0.625888534307503,TRUE
"1514",1514,"Region.10",0,-3.84122782967023,0.790563396911548,0.612380204990065,TRUE
"1515",1515,"Region.10",0,-3.97534909941576,0.800980330978289,0.598690662517723,TRUE
"1516",1516,"Region.10",0,-1.98237238502768,0.811160242078561,0.584823957846333,TRUE
"1517",1517,"Region.10",16,-1.36792539198654,0.821100117812889,0.570784194356904,TRUE
"1518",1518,"Region.10",8,-1.27846325505829,0.830797016812123,0.556575526641332,TRUE
"1519",1519,"Region.10",33,-1.78254081236496,0.840248069607846,0.542202159272985,TRUE
"1520",1520,"Region.10",7,-1.81468794759423,0.849450479481481,0.527668345562516,TRUE
"1521",1521,"Region.10",8,-2.20524225322692,0.85840152329189,0.51297838629923,TRUE
"1522",1522,"Region.10",8,-1.258336951265,0.867098552281207,0.498136628478407,TRUE
"1523",1523,"Region.10",0,-0.734901206558465,0.87553899285863,0.483147464014969,TRUE
"1524",1524,"Region.10",8,-0.202984101945781,0.883720347361997,0.468015328443837,TRUE
"1525",1525,"Region.10",0,-0.359462643751733,0.891640194796887,0.452744699607372,TRUE
"1526",1526,"Region.10",8,-1.79725827814309,0.899296191553025,0.437340096330332,TRUE
"1527",1527,"Region.10",0,-1.92879351880198,0.906686072097797,0.421806077082666,TRUE
"1528",1528,"Region.10",0,-2.06388506422652,0.913807649646661,0.40614723863058,TRUE
"1529",1529,"Region.10",0,-3.56941646794455,0.920658816810243,0.390368214676303,TRUE
"1530",1530,"Region.10",16,-4.96225120172219,0.927237546217953,0.374473674486885,TRUE
"1531",1531,"Region.10",23,-4.12723977010891,0.933541891117921,0.358468321512482,TRUE
"1532",1532,"Region.10",16,-4.95048140301233,0.939569985953062,0.342356891994542,TRUE
"1533",1533,"Region.10",8,-6.31092730206917,0.945320046913131,0.326144153564272,TRUE
"1534",1534,"Region.10",0,-6.39059318789577,0.950790372462583,0.309834903831804,TRUE
"1535",1535,"Region.10",7,-7.6346191966381,0.955979343844076,0.293433968966528,TRUE
"1536",1536,"Region.10",0,-6.12839000155631,0.960885425557498,0.276946202268936,TRUE
"1537",1537,"Region.10",15,-5.15628148133083,0.965507165814336,0.26037648273446,TRUE
"1538",1538,"Region.10",7,-5.54143345007618,0.969843196967294,0.243729713609684,TRUE
"1539",1539,"Region.10",16,-5.92798116668186,0.973892235914993,0.227010820941418,TRUE
"1540",1540,"Region.10",0,-6.4549605685587,0.977653084481664,0.210224752118985,TRUE
"1541",1541,"Region.10",0,-6.3491096102936,0.981124629771712,0.193376474410206,TRUE
"1542",1542,"Region.10",14,-5.30981681838786,0.984305844499033,0.176470973491521,TRUE
"1543",1543,"Region.10",15,-4.24565933393948,0.987195787291008,0.159513251972638,TRUE
"1544",1544,"Region.10",15,-1.20050394470016,0.989793602967072,0.142508327916171,TRUE
"1545",1545,"Region.10",0,0.991724659478179,0.992098522791769,0.125461233352736,TRUE
"1546",1546,"Region.10",15,1.64499159959886,0.994109864702242,0.108377012791878,TRUE
"1547",1547,"Region.10",15,1.83492925937731,0.995827033510059,0.0912607217293124,TRUE
"1548",1548,"Region.10",33,0.505598010852171,0.997249521077345,0.0741174251509436,TRUE
"1549",1549,"Region.10",0,0.0756519566090926,0.998376906467142,0.0569521960340414,TRUE
"1550",1550,"Region.10",0,-0.531506870257254,0.999208856067975,0.0397701138460565,TRUE
"1551",1551,"Region.10",15,-2.25101007535148,0.999745123692573,0.0225762630415449,TRUE
"1552",1552,"Region.10",15,-2.13719239857984,0.999985550650719,0.00537573155758575,TRUE
"1553",1553,"Region.10",8,-2.95158204314435,0.999930065796206,-0.0118263906918321,TRUE
"1554",1554,"Region.10",0,-3.883010596445,0.999578685547896,-0.0290250133219758,TRUE
"1555",1555,"Region.10",0,-4.59768799246342,0.998931513884858,-0.0462150469837065,TRUE
"1556",1556,"Region.10",7,-4.39402551916072,0.997988742315598,-0.0633914048695096,TRUE
"1557",1557,"Region.10",0,-0.953659763074712,0.996750649821393,-0.0805490042187422,TRUE
"1558",1558,"Region.10",22,1.01656562558189,0.99521760277373,-0.0976827678217141,TRUE
"1559",1559,"Region.10",22,-2.46211092445666,0.993390054825894,-0.114787625522126,TRUE
"1560",1560,"Region.10",16,-3.00065866463188,0.991268546778726,-0.131858515717392,TRUE
"1561",1561,"Region.10",16,0.105060523023152,0.988853706420589,-0.148890386856453,TRUE
"1562",1562,"Region.10",14,2.02920138327396,0.986146248341595,-0.165878198934631,TRUE
"1563",1563,"Region.10",14,2.19563240140524,0.98314697372215,-0.18281692498502,TRUE
"1564",1564,"Region.10",0,1.52095906689038,0.979856770095867,-0.199701552566062,TRUE
"1565",1565,"Region.10",7,1.71864756270251,0.976276611086932,-0.216527085244813,TRUE
"1566",1566,"Region.10",0,0.652260135166288,0.972407556121997,-0.233288544075455,TRUE
"1567",1567,"Region.10",8,0.686714525423251,0.968250750116672,-0.24998096907265,TRUE
"1568",1568,"Region.10",16,2.13606837957885,0.963807423136731,-0.266599420679293,TRUE
"1569",1569,"Region.10",0,4.19171759835058,0.959078890034113,-0.283138981228184,TRUE
"1570",1570,"Region.10",14,4.09110637639448,0.954066550057839,-0.299594756397258,TRUE
"1571",1571,"Region.10",7,4.44694176962045,0.948771886439948,-0.315961876657902,TRUE
"1572",1572,"Region.10",14,4.61669002745001,0.943196465956586,-0.332235498715904,TRUE
"1573",1573,"Region.10",14,5.89004532762883,0.937341938464378,-0.348410806944679,TRUE
"1574",1574,"Region.10",15,7.30421543438311,0.931210036412195,-0.36448301481029,TRUE
"1575",1575,"Region.10",21,7.75174121875987,0.924802574328509,-0.380447366287852,TRUE
"1576",1576,"Region.10",6,6.97501713628338,0.918121448284438,-0.396299137268916,TRUE
"1577",1577,"Region.10",0,6.1485328992409,0.911168635332664,-0.412033636959425,TRUE
"1578",1578,"Region.10",7,5.59297619280623,0.903946192922401,-0.427646209267775,TRUE
"1579",1579,"Region.10",7,6.04856380317946,0.896456258290559,-0.443132234182632,TRUE
"1580",1580,"Region.10",7,7.8760672706632,0.888701047829292,-0.458487129140087,TRUE
"1581",1581,"Region.10",7,8.37206150472221,0.880682856430148,-0.47370635037968,TRUE
"1582",1582,"Region.10",14,8.45634881468949,0.872404056804963,-0.48878539428899,TRUE
"1583",1583,"Region.10",0,6.56785296201932,0.863867098783736,-0.503719798736333,TRUE
"1584",1584,"Region.10",20,6.56182417511319,0.855074508589693,-0.518505144391157,TRUE
"1585",1585,"Region.10",20,7.80289530204528,0.846028888091735,-0.533137056031807,TRUE
"1586",1586,"Region.10",0,7.16126155347125,0.836732914034493,-0.54761120384023,TRUE
"1587",1587,"Region.10",14,7.57515300166237,0.82718933724625,-0.561923304683219,TRUE
"1588",1588,"Region.10",7,6.99809305403675,0.81740098182492,-0.576069123379874,TRUE
"1589",1589,"Region.10",8,5.29648378881586,0.80737074430235,-0.590044473954861,TRUE
"1590",1590,"Region.10",6,4.56668093532377,0.797101592787194,-0.603845220877103,TRUE
"1591",1591,"Region.10",0,5.265078889546,0.786596566086601,-0.617467280283552,TRUE
"1592",1592,"Region.10",0,6.4607822295459,0.775858772806984,-0.630906621187669,TRUE
"1593",1593,"Region.10",7,6.39760275259611,0.764891390434123,-0.644159266672268,TRUE
"1594",1594,"Region.10",0,5.422044620866,0.753697664392913,-0.657221295066333,TRUE
"1595",1595,"Region.10",14,7.86409662804325,0.742280907086983,-0.67008884110551,TRUE
"1596",1596,"Region.10",41,10.0012857494589,0.730644496918492,-0.682758097075915,TRUE
"1597",1597,"Region.10",25,8.86233612431553,0.718791877288423,-0.695225313940873,TRUE
"1598",1598,"Region.10",19,8.38254771920043,0.706726555577617,-0.707486802450333,TRUE
"1599",1599,"Region.10",13,10.8324435100801,0.694452102108877,-0.719538934232584,TRUE
"1600",1600,"Region.10",0,12.6025160659936,0.681972149090462,-0.731378142867926,TRUE
"1601",1601,"Region.10",13,14.5226882908534,0.669290389541258,-0.743000924944048,TRUE
"1602",1602,"Region.10",0,14.2092183483973,0.656410576197938,-0.754403841092747,TRUE
"1603",1603,"Region.10",49,13.4798960780302,0.643336520404491,-0.765583517007675,TRUE
"1604",1604,"Region.10",12,12.5322505340353,0.63007209098437,-0.776536644442864,TRUE
"1605",1605,"Region.10",25,13.613146129275,0.616621213095639,-0.787259982191692,TRUE
"1606",1606,"Region.10",32,15.2835352024345,0.602987867069471,-0.797750357045994,TRUE
"1607",1607,"Region.10",32,15.4340009137956,0.589176087232298,-0.808004664735074,TRUE
"1608",1608,"Region.10",13,14.8102652875441,0.575189960711978,-0.818019870844317,TRUE
"1609",1609,"Region.10",0,14.0188588929838,0.561033626228367,-0.827793011713102,TRUE
"1610",1610,"Region.10",14,13.4358619888759,0.546711272868595,-0.837321195311811,TRUE
"1611",1611,"Region.10",7,14.8023494455721,0.53222713884744,-0.846601602097626,TRUE
"1612",1612,"Region.10",25,17.9335966136117,0.517585510253189,-0.855631485848871,TRUE
"1613",1613,"Region.10",32,18.1670570188945,0.502790719779306,-0.864408174477664,TRUE
"1614",1614,"Region.10",39,18.8101379519078,0.487847145442313,-0.872929070820641,TRUE
"1615",1615,"Region.10",39,18.6297065342051,0.472759209286277,-0.881191653407483,TRUE
"1616",1616,"Region.10",7,17.0298488558387,0.457531376074253,-0.88919347720707,TRUE
"1617",1617,"Region.10",14,16.1070793226914,0.442168151967073,-0.896932174351006,TRUE
"1618",1618,"Region.10",12,16.1688515576853,0.426674083189924,-0.9044054548343,TRUE
"1619",1619,"Region.10",39,15.7032655628468,0.411053754687037,-0.911611107193023,TRUE
"1620",1620,"Region.10",20,16.0012724690553,0.395311788764916,-0.918546999158716,TRUE
"1621",1621,"Region.10",46,15.4446132762687,0.379452843724544,-0.925211078289358,TRUE
"1622",1622,"Region.10",39,14.3783727297506,0.363481612482908,-0.931601372576718,TRUE
"1623",1623,"Region.10",76,13.5410093178575,0.347402821184278,-0.937715991029909,TRUE
"1624",1624,"Region.10",14,13.285813514942,0.331221227801686,-0.943553124234955,TRUE
"1625",1625,"Region.10",0,13.3802900777985,0.314941620728954,-0.949111044890228,TRUE
"1626",1626,"Region.10",0,14.3915633792115,0.298568817363721,-0.954388108317591,TRUE
"1627",1627,"Region.10",27,17.1036663652442,0.282107662681919,-0.959382752949074,TRUE
"1628",1628,"Region.10",40,18.6463536413861,0.265563027804058,-0.964093500788975,TRUE
"1629",1629,"Region.10",33,17.1079044027762,0.248939808553768,-0.96851895785122,TRUE
"1630",1630,"Region.10",21,15.4904553914817,0.23224292400907,-0.972657814571865,TRUE
"1631",1631,"Region.10",7,16.50650506979,0.215477315046732,-0.976508846196619,TRUE
"1632",1632,"Region.10",19,17.8316583703382,0.198647942880172,-0.980070913143266,TRUE
"1633",1633,"Region.10",90,18.437859660096,0.181759787591375,-0.98334296133889,TRUE
"1634",1634,"Region.10",122,18.4809592672477,0.1648178466572,-0.986324022531786,TRUE
"1635",1635,"Region.10",110,17.5385243966791,0.147827133470531,-0.989013214577988,TRUE
"1636",1636,"Region.10",194,19.3068873722259,0.130792675856759,-0.991409741702304,TRUE
"1637",1637,"Region.10",559,21.4653074446752,0.113719514585952,-0.9935128947338,TRUE
"1638",1638,"Region.10",846,21.9324564941808,0.0966127018812045,-0.99532205131566,TRUE
"1639",1639,"Region.10",686,21.8126574381937,0.0794772999236215,-0.996836676089343,TRUE
"1640",1640,"Region.10",255,20.0002474480939,0.0623183793543278,-0.998056320853012,TRUE
"1641",1641,"Region.10",76,20.6858132442042,0.0451410177739733,-0.998980624694158,TRUE
"1642",1642,"Region.10",83,22.3861256518356,0.0279502982402104,-0.999609314096404,TRUE
"1643",1643,"Region.10",192,22.6420230419352,0.0107513077635247,-0.999942203020442,TRUE
"1644",1644,"Region.10",134,22.4156831841722,-0.00645086419810373,-0.999979192959082,TRUE
"1645",1645,"Region.10",54,21.3102764648609,-0.0236511272452315,-0.999720272966408,TRUE
"1646",1646,"Region.10",72,20.2560447186183,-0.0408443915432974,-0.999165519661011,TRUE
"1647",1647,"Region.10",71,20.5337687039813,-0.0580255693287789,-0.998315097203318,TRUE
"1648",1648,"Region.10",80,20.901095220948,-0.075189576414758,-0.997169257247018,TRUE
"1649",1649,"Region.10",88,20.0849270620529,-0.092331333695392,-0.995728338864587,TRUE
"1650",1650,"Region.10",134,21.788745506341,-0.109445768648914,-0.993992768446958,TRUE
"1651",1651,"Region.10",129,22.2474451649897,-0.126527816838683,-0.99196305957734,TRUE
"1652",1652,"Region.10",110,21.6492779534911,-0.143572423411812,-0.989639812879241,TRUE
"1653",1653,"Region.10",327,21.0754891222564,-0.160574544594992,-0.987023715838738,TRUE
"1654",1654,"Region.10",416,18.9594925572275,-0.177529149187034,-0.984115542601034,TRUE
"1655",1655,"Region.10",150,16.897069916161,-0.194431220047663,-0.980916153741377,TRUE
"1656",1656,"Region.10",277,18.2613474063976,-0.211275755582178,-0.977426496010406,TRUE
"1657",1657,"Region.10",229,17.445265378477,-0.22805777122152,-0.973647602053984,TRUE
"1658",1658,"Region.10",225,17.1432433864964,-0.24477230089726,-0.969580590107631,TRUE
"1659",1659,"Region.10",151,17.6279054353217,-0.261414398511154,-0.965226663665613,TRUE
"1660",1660,"Region.10",127,16.3846404506835,-0.277979139398779,-0.960587111124813,TRUE
"1661",1661,"Region.10",212,15.9225004145666,-0.294461621786802,-0.95566330540347,TRUE
"1662",1662,"Region.10",341,17.6362708926758,-0.310856968243502,-0.950456703534916,TRUE
"1663",1663,"Region.10",235,17.0840191925944,-0.327160327122095,-0.944968846236406,TRUE
"1664",1664,"Region.10",190,15.7487285514729,-0.343366873996388,-0.939201357453208,TRUE
"1665",1665,"Region.10",84,16.5858631894272,-0.359471813088421,-0.933155943878044,TRUE
"1666",1666,"Region.10",238,18.7606521790147,-0.37547037868762,-0.92683439444605,TRUE
"1667",1667,"Region.10",488,19.568637780413,-0.391357836561027,-0.920238579805407,TRUE
"1668",1668,"Region.10",915,17.342741963198,-0.40712948535425,-0.913370451763787,TRUE
"1669",1669,"Region.10",905,17.6475737724237,-0.422780657982676,-0.90623204271077,TRUE
"1670",1670,"Region.10",1067,18.6547454331011,-0.438306723012519,-0.898825465016444,TRUE
"1671",1671,"Region.10",1110,19.9640828951068,-0.453703086031342,-0.89115291040631,TRUE
"1672",1672,"Region.10",1469,19.7079047461029,-0.468965191007631,-0.883216649312713,TRUE
"1673",1673,"Region.10",902,19.0704462240579,-0.484088521638976,-0.875019030202995,TRUE
"1674",1674,"Region.10",553,18.4284112662481,-0.49906860268853,-0.86656247888454,TRUE
"1675",1675,"Region.10",273,18.7794812867645,-0.513901001309309,-0.857849497786931,TRUE
"1676",1676,"Region.10",209,21.1659469490873,-0.52858132835593,-0.848882665221455,TRUE
"1677",1677,"Region.10",140,20.1188850503576,-0.54310523968343,-0.839664634618134,TRUE
"1678",1678,"Region.10",83,16.1762633677249,-0.557468437432788,-0.830198133740522,TRUE
"1679",1679,"Region.10",183,14.9440864904802,-0.571666671302706,-0.820485963878532,TRUE
"1680",1680,"Region.10",279,15.6349559489452,-0.585695739807349,-0.810530999019484,TRUE
"1681",1681,"Region.10",272,15.9246093825607,-0.599551491519648,-0.800336184997633,TRUE
"1682",1682,"Region.10",175,14.7920805276326,-0.61322982629975,-0.789904538622471,TRUE
"1683",1683,"Region.10",156,17.0463564198551,-0.626726696508328,-0.77923914678599,TRUE
"1684",1684,"Region.10",144,19.4543259833898,-0.640038108204349,-0.768343165549221,TRUE
"1685",1685,"Region.10",138,19.6381140390579,-0.65316012232693,-0.757219819208313,TRUE
"1686",1686,"Region.10",150,17.3943573731399,-0.666088855860975,-0.745872399340408,TRUE
"1687",1687,"Region.10",94,15.826697907257,-0.678820482986235,-0.734304263829603,TRUE
"1688",1688,"Region.10",131,15.6454754187657,-0.691351236209407,-0.722518835873311,TRUE
"1689",1689,"Region.10",183,15.9987853496487,-0.703677407479011,-0.710519602969276,TRUE
"1690",1690,"Region.10",443,17.4577539919409,-0.715795349282664,-0.698310115883559,TRUE
"1691",1691,"Region.10",347,16.2241918424714,-0.727701475726423,-0.685893987599823,TRUE
"1692",1692,"Region.10",175,16.3596884891349,-0.739392263595922,-0.673274892250185,TRUE
"1693",1693,"Region.10",193,16.8595225955639,-0.750864253398948,-0.660456564027976,TRUE
"1694",1694,"Region.10",171,17.5391324470999,-0.762114050389149,-0.647442796082747,TRUE
"1695",1695,"Region.10",123,17.1749065978209,-0.773138325570601,-0.634237439397808,TRUE
"1696",1696,"Region.10",126,18.1478638729469,-0.78393381668292,-0.620844401650648,TRUE
"1697",1697,"Region.10",156,18.4594534874661,-0.794497329166599,-0.607267646056614,TRUE
"1698",1698,"Region.10",165,17.7267398581916,-0.804825737108346,-0.593511190196114,TRUE
"1699",1699,"Region.10",88,16.1396237648836,-0.814915984166079,-0.579579104825762,TRUE
"1700",1700,"Region.10",44,15.224573094893,-0.824765084473361,-0.565475512673758,TRUE
"1701",1701,"Region.10",94,15.4545126222351,-0.834370123522954,-0.551204587219927,TRUE
"1702",1702,"Region.10",111,15.8761044542435,-0.84372825902927,-0.536770551460712,TRUE
"1703",1703,"Region.10",218,17.0453191179589,-0.852836721769459,-0.522177676659509,TRUE
"1704",1704,"Region.10",262,16.6683343336527,-0.861692816402853,-0.507430281082751,TRUE
"1705",1705,"Region.10",140,16.507001687457,-0.870293922268566,-0.492532728722056,TRUE
"1706",1706,"Region.10",144,16.7156817707539,-0.878637494161,-0.477489428002839,TRUE
"1707",1707,"Region.10",96,15.4999737116367,-0.886721063082993,-0.46230483047981,TRUE
"1708",1708,"Region.10",107,14.9351197769415,-0.894542236976449,-0.446983429519676,TRUE
"1709",1709,"Region.10",124,15.2492474182321,-0.902098701430184,-0.431529758971472,TRUE
"1710",1710,"Region.10",131,15.8852187139585,-0.909388220364793,-0.415948391824941,TRUE
"1711",1711,"Region.10",109,15.8762205284017,-0.916408636694345,-0.400243938857307,TRUE
"1712",1712,"Region.10",34,14.5982293569592,-0.923157872964704,-0.384421047268856,TRUE
"1713",1713,"Region.10",62,12.8956456060104,-0.92963393196827,-0.368484399307779,TRUE
"1714",1714,"Region.10",138,13.3496382666085,-0.935834897334993,-0.352438710884605,TRUE
"1715",1715,"Region.10",22,13.9683645968815,-0.941758934099461,-0.336288730176684,TRUE
"1716",1716,"Region.10",6,13.8945487487719,-0.947404289243885,-0.320039236223138,TRUE
"1717",1717,"Region.10",27,13.8211731228031,-0.952769292216851,-0.303695037510661,TRUE
"1718",1718,"Region.10",20,12.8629750112509,-0.957852355427667,-0.287260970550597,TRUE
"1719",1719,"Region.10",14,12.3547898467738,-0.962651974716149,-0.270741898447763,TRUE
"1720",1720,"Region.10",14,13.1722660987031,-0.967166729797731,-0.254142709461364,TRUE
"1721",1721,"Region.10",15,12.8216264615329,-0.97139528468375,-0.237468315558469,TRUE
"1722",1722,"Region.10",7,12.3300439873411,-0.975336388076784,-0.220723650960501,TRUE
"1723",1723,"Region.10",25,12.3188507376829,-0.978988873740931,-0.203913670683117,TRUE
"1724",1724,"Region.10",13,11.4588713196066,-0.982351660846923,-0.187043349069918,TRUE
"1725",1725,"Region.10",13,10.0081084164029,-0.985423754291952,-0.170117678320491,TRUE
"1726",1726,"Region.10",0,9.13647547620889,-0.988204244994142,-0.153141667013122,TRUE
"1727",1727,"Region.10",7,9.34427758163785,-0.990692310161561,-0.136120338622668,TRUE
"1728",1728,"Region.10",29,10.5659542553128,-0.992887213535696,-0.11905873003405,TRUE
"1729",1729,"Region.10",21,11.3461337463027,-0.994788305609327,-0.101961890051748,TRUE
"1730",1730,"Region.10",25,10.3295555743732,-0.996395023818723,-0.0848348779057664,TRUE
"1731",1731,"Region.10",26,10.218378638425,-0.997706892710117,-0.0676827617545508,TRUE
"1732",1732,"Region.10",7,10.188476374118,-0.998723524080397,-0.0505106171852247,TRUE
"1733",1733,"Region.10",21,10.2800445661551,-0.999444617091986,-0.0333235257116323,TRUE
"1734",1734,"Region.10",7,9.21660660286968,-0.999869958361859,-0.0161265732706579,TRUE
"1735",1735,"Region.10",36,8.80964637553266,-0.999999422024692,0.00107515128279547,TRUE
"1736",1736,"Region.10",51,8.18673251789985,-0.999832969770105,0.0182765576816902,TRUE
"1737",1737,"Region.10",32,9.19087688499041,-0.999370650853997,0.0354725557531255,TRUE
"1738",1738,"Region.10",27,9.89319146124061,-0.998612602083974,0.0526580569246113,TRUE
"1739",1739,"Region.10",21,10.6376801267023,-0.997559047778861,0.0698279757298699,TRUE
"1740",1740,"Region.10",7,12.2475929105199,-0.99621029970233,0.086977231313686,TRUE
"1741",1741,"Region.10",13,10.7242691167765,-0.994566756970634,0.104100748935424,TRUE
"1742",1742,"Region.10",7,8.79208073697733,-0.99262890593451,0.121193461470735,TRUE
"1743",1743,"Region.10",30,7.48877653560834,-0.990397320035256,0.138250310910982,TRUE
"1744",1744,"Region.10",6,5.57404314429368,-0.987872659635043,0.155266249859993,TRUE
"1745",1745,"Region.10",7,4.7081400918465,-0.985055671821502,0.17223624302768,TRUE
"1746",1746,"Region.10",34,4.68722344976828,-0.981947190186646,0.189155268720041,TRUE
"1747",1747,"Region.10",14,4.27597935098984,-0.978548134580204,0.206018320325168,TRUE
"1748",1748,"Region.10",14,3.71809877591162,-0.974859510837413,0.222820407794799,TRUE
"1749",1749,"Region.10",29,3.99308411352117,-0.970882410481384,0.239556559120927,TRUE
"1750",1750,"Region.10",29,6.05226179521992,-0.966618010400098,0.256221821807114,TRUE
"1751",1751,"Region.10",7,5.96721302490175,-0.962067572498145,0.272811264334018,TRUE
"1752",1752,"Region.10",0,5.98503354520735,-0.957232443323312,0.289319977618695,TRUE
"1753",1753,"Region.10",21,5.39287317056705,-0.95211405366811,0.305743076467284,TRUE
"1754",1754,"Region.10",0,5.19390633743664,-0.946713918146387,0.322075701020609,TRUE
"1755",1755,"Region.10",14,3.75038741814736,-0.94103363474512,0.338313018192307,TRUE
"1756",1756,"Region.10",8,1.58576324477692,-0.935074884351557,0.354450223098988,TRUE
"1757",1757,"Region.10",8,0.953421642504114,-0.928839430255808,0.370482540482095,TRUE
"1758",1758,"Region.10",7,-0.136223331360282,-0.922329117629055,0.386405226120985,TRUE
"1759",1759,"Region.10",0,-1.19491413291057,-0.915545872977546,0.402213568236804,TRUE
"1760",1760,"Region.10",0,-1.85935700921901,-0.908491703572509,0.417902888886785,TRUE
"1761",1761,"Region.10",0,-2.65201173578363,-0.901168696856157,0.433468545348536,TRUE
"1762",1762,"Region.10",0,-3.61916913936759,-0.893579019823995,0.448905931493881,TRUE
"1763",1763,"Region.10",14,-3.26566764755947,-0.885724918383565,0.464210479151891,TRUE
"1764",1764,"Region.10",7,-3.44567468430379,-0.877608716689839,0.479377659460694,TRUE
"1765",1765,"Region.10",0,-2.74039137507954,-0.869232816457479,0.494402984207619,TRUE
"1766",1766,"Region.10",20,-5.17350725875316,-0.860599696250119,0.509282007157334,TRUE
"1767",1767,"Region.10",0,-5.02691766028576,-0.851711910746919,0.524010325367575,TRUE
"1768",1768,"Region.10",20,-5.25459369366786,-0.842572089986603,0.538583580492024,TRUE
"1769",1769,"Region.10",0,-4.75794023956584,-0.833182938589179,0.552997460070026,TRUE
"1770",1770,"Region.10",0,-5.79224738049971,-0.823547234955601,0.567247698802722,TRUE
"1771",1771,"Region.10",0,-6.88146737785026,-0.813667830445599,0.581330079815205,TRUE
"1772",1772,"Region.10",0,-3.28372380426316,-0.803547648533913,0.595240435904366,TRUE
"1773",1773,"Region.10",0,-1.11445492541917,-0.793189683945185,0.608974650772048,TRUE
"1774",1774,"Region.10",0,-1.56785465542077,-0.782597001767783,0.622528660243106,TRUE
"1775",1775,"Region.10",26,-2.46620641889837,-0.771772736546785,0.635898453468073,TRUE
"1776",1776,"Region.10",0,-3.05002057894749,-0.760720091356411,0.649080074110039,TRUE
"1777",1777,"Region.10",0,-2.45680344940373,-0.749442336852195,0.662069621515382,TRUE
"1778",1778,"Region.10",7,-2.5906472464752,-0.73794281030314,0.674863251868039,TRUE
"1779",1779,"Region.10",12,-2.88969911108814,-0.726224914604155,0.687457179326966,TRUE
"1780",1780,"Region.10",0,-5.40221261635626,-0.714292117269103,0.699847677146407,TRUE
"1781",1781,"Region.10",12,-4.0448868572736,-0.702147949404699,0.712031078778712,TRUE
"1782",1782,"Region.10",12,-2.5953772406112,-0.689796004665589,0.72400377895933,TRUE
"1783",1783,"Region.10",6,-3.05082635140516,-0.677239938190949,0.735762234773653,TRUE
"1784",1784,"Region.10",7,-3.06503813953779,-0.664483465522857,0.747302966705428,TRUE
"1785",1785,"Region.10",0,-3.20397737364671,-0.651530361506803,0.758622559666409,TRUE
"1786",1786,"Region.10",0,-3.44951460135332,-0.638384459174664,0.769717664006922,TRUE
"1787",1787,"Region.10",17,-4.04864649258707,-0.625049648610439,0.780584996507085,TRUE
"1788",1788,"Region.10",0,-4.54630729459155,-0.611529875799106,0.79122134134838,TRUE
"1789",1789,"Region.10",0,-4.47699265454904,-0.597829141458954,0.801623551065243,TRUE
"1790",1790,"Region.10",0,-4.88519616541345,-0.583951499857702,0.81178854747646,TRUE
"1791",1791,"Region.10",12,-6.04044232624537,-0.569901057612763,0.821713322596059,TRUE
"1792",1792,"Region.10",12,-8.50395075689106,-0.555681972476049,0.831394939523406,TRUE
"1793",1793,"Region.10",11,-12.4085862397601,-0.54129845210362,0.840830533312287,TRUE
"1794",1794,"Region.10",6,-14.0657838766455,-0.526754752810555,0.850017311818701,TRUE
"1795",1795,"Region.10",12,-8.10343404900673,-0.512055178311465,0.858952556527084,TRUE
"1796",1796,"Region.10",0,-6.73249177102987,-0.497204078446939,0.867633623354772,TRUE
"1797",1797,"Region.10",0,-4.62312713690801,-0.482205847896354,0.876057943434427,TRUE
"1798",1798,"Region.10",6,-2.17411476772604,-0.46706492487743,0.884223023874203,TRUE
"1799",1799,"Region.10",13,-2.0228661692933,-0.451785789832886,0.892126448495433,TRUE
"1800",1800,"Region.10",12,-2.1712415289485,-0.436372964104593,0.89976587854762,TRUE
"1801",1801,"Region.10",18,-3.40200871960381,-0.420831008595656,0.907139053400504,TRUE
"1802",1802,"Region.10",6,-4.72885009914947,-0.405164522420758,0.914243791213022,TRUE
"1803",1803,"Region.10",19,-6.21102290227942,-0.389378141545202,0.921077989578952,TRUE
"1804",1804,"Region.10",7,-7.28927343549968,-0.373476537413072,0.927639626149046,TRUE
"1805",1805,"Region.10",7,-6.55882238023407,-0.357464415564864,0.933926759229475,TRUE
"1806",1806,"Region.10",0,-6.5147815877367,-0.341346514245038,0.939937528356413,TRUE
"1807",1807,"Region.10",0,-5.68178141218076,-0.325127602999909,0.945670154846569,TRUE
"1808",1808,"Region.10",0,-7.26715418074483,-0.308812481266253,0.951122942323536,TRUE
"1809",1809,"Region.10",0,-9.08168286022131,-0.292405976951078,0.956294277219772,TRUE
"1810",1810,"Region.10",0,-10.1089123647045,-0.275912945002961,0.961182629254084,TRUE
"1811",1811,"Region.10",0,-13.3571489332269,-0.259338265975404,0.965786551884458,TRUE
"1812",1812,"Region.10",0,-15.4807292085389,-0.242686844582597,0.970104682736117,TRUE
"1813",1813,"Region.10",0,-16.2337988087981,-0.225963608248019,0.974135744004672,TRUE
"1814",1814,"Region.10",27,-18.5023359251793,-0.209173505646356,0.977878542834239,TRUE
"1815",1815,"Region.10",7,-18.2060011150459,-0.192321505239097,0.981331971670427,TRUE
"1816",1816,"Region.10",0,-16.1458987300478,-0.175412593804279,0.984495008588086,TRUE
"1817",1817,"Region.10",8,-14.7258018440915,-0.158451774960836,0.987366717593702,TRUE
"1818",1818,"Region.10",0,-12.5792926085066,-0.141444067687943,0.989946248902378,TRUE
"1819",1819,"Region.10",0,-13.9451955824568,-0.124394504839801,0.992232839189301,TRUE
"1820",1820,"Region.10",0,-13.5712195770851,-0.107308131656362,0.994225811815616,TRUE
"1821",1821,"Region.10",6,-11.4483576304422,-0.090190004270347,0.99592457702866,TRUE
"1822",1822,"Region.10",12,-10.7680969779227,-0.0730451882110475,0.997328632136475,TRUE
"1823",1823,"Region.10",6,-10.1684139202222,-0.0558787569053723,0.998437561656567,TRUE
"1824",1824,"Region.10",13,-8.83353986664161,-0.0386957901765296,0.999251037438848,TRUE
"1825",1825,"Region.10",0,-8.46446736703354,-0.0215013727408148,0.999768818762748,TRUE
"1826",1826,"Region.10",0,-9.09757778213532,-0.00430059270298207,0.999990752408443,TRUE
"1827",1827,"Region.10",0,-6.23830678839079,0.0129014599494178,0.999916772702195,TRUE
"1828",1828,"Region.10",0,-6.27115015693795,0.0300996948522576,0.999546901535791,TRUE
"1829",1829,"Region.10",7,-6.524308231807,0.0472890227711332,0.99888124836006,TRUE
"1830",1830,"Region.10",7,-6.62300371509698,0.0644643571073599,0.997920010152485,TRUE
"1831",1831,"Region.10",0,-7.281576098111,0.0816206154031904,0.996663471358916,TRUE
"1832",1832,"Region.10",7,-8.70974675504242,0.0987527208457737,0.995112003809399,TRUE
"1833",1833,"Region.10",0,-8.74156446594614,0.115855603769477,0.993266066608142,TRUE
"1834",1834,"Region.10",16,-9.12873939093269,0.13292420315609,0.991126205997661,TRUE
"1835",1835,"Region.10",7,-9.35768068451833,0.149953468132445,0.988693055197138,TRUE
"1836",1836,"Region.10",0,-8.48532834014998,0.166938359465057,0.985967334215042,TRUE
"1837",1837,"Region.10",7,-7.25121062268037,0.183873851051327,0.982949849636061,TRUE
"1838",1838,"Region.10",14,-7.07428554722064,0.200754931406824,0.97964149438243,TRUE
"1839",1839,"Region.10",7,-7.59660138328069,0.217576605148279,0.976043247449697,TRUE
"1840",1840,"Region.10",0,-7.91346385690849,0.234333894471803,0.972156173617016,TRUE
"1841",1841,"Region.10",0,-7.79705120592383,0.251021840625883,0.967981423132073,TRUE
"1842",1842,"Region.10",7,-8.59458451443341,0.267635505378765,0.963520231370703,TRUE
"1843",1843,"Region.10",0,-9.4140105721278,0.284169972479767,0.958773918471319,TRUE
"1844",1844,"Region.10",7,-10.939398622853,0.300620349114058,0.953743888944271,TRUE
"1845",1845,"Region.10",7,-9.87140465689054,0.316981767350526,0.948431631256221,TRUE
"1846",1846,"Region.10",7,-10.5106570745194,0.333249385582292,0.942838717389684,TRUE
"1847",1847,"Region.10",8,-10.4259197418868,0.349418389959398,0.936966802377855,TRUE
"1848",1848,"Region.10",8,-13.633894129017,0.365483995813309,0.930817623814857,TRUE
"1849",1849,"Region.10",0,-12.9093034052041,0.381441449072791,0.924393001341556,TRUE
"1850",1850,"Region.10",7,-11.593564410914,0.397286027670689,0.917694836107104,TRUE
"1851",1851,"Region.10",0,-8.30182243054607,0.413013042941279,0.910725110206359,TRUE
"1852",1852,"Region.10",0,-7.47256509809562,0.428617841007725,0.903485886093345,TRUE
"1853",1853,"Region.10",7,-7.48823796731686,0.444095804159218,0.895979305970946,TRUE
"1854",1854,"Region.10",0,-5.25565464797559,0.459442352217444,0.88820759115699,TRUE
"1855",1855,"Region.10",0,-5.98948327603392,0.474652943891934,0.880173041426923,TRUE
"1856",1856,"Region.10",14,-6.61617907145251,0.489723078123895,0.871878034333276,TRUE
"1857",1857,"Region.10",0,-7.66256124044823,0.50464829541815,0.863325024502102,TRUE
"1858",1858,"Region.10",0,-8.90877745613835,0.519424179162783,0.854516542906613,TRUE
"1859",1859,"Region.10",22,-10.9402895576013,0.534046356936071,0.845455196118228,TRUE
"1860",1860,"Region.10",7,-10.6645086649059,0.548510501800361,0.836143665535245,TRUE
"1861",1861,"Region.10",15,-9.72481606248831,0.562812333582483,0.826584706589373,TRUE
"1862",1862,"Region.10",0,-10.2848133111317,0.576947620140313,0.816781147930355,TRUE
"1863",1863,"Region.10",0,-10.0532383288469,0.590912178615154,0.806735890588916,TRUE
"1864",1864,"Region.10",0,-11.088181873286,0.60470187666948,0.79645190711832,TRUE
"1865",1865,"Region.10",14,-11.9542464870266,0.618312633709783,0.785932240714728,TRUE
"1866",1866,"Region.10",7,-12.7882368545108,0.631740422094076,0.775180004316674,TRUE
"1867",1867,"Region.10",14,-11.2571939908686,0.644981268323746,0.764198379683896,TRUE
"1868",1868,"Region.10",15,-10.5517284233398,0.658031254219362,0.752990616455805,TRUE
"1869",1869,"Region.10",0,-11.574429856343,0.670886518080156,0.741560031189845,TRUE
"1870",1870,"Region.10",7,-13.5986054701034,0.683543255826724,0.729910006380103,TRUE
"1871",1871,"Region.10",7,-12.8487585813719,0.695997722126738,0.71804398945635,TRUE
"1872",1872,"Region.10",0,-12.1020739575731,0.708246231503249,0.7059654917639,TRUE
"1873",1873,"Region.10",14,-10.958474676615,0.720285159425272,0.693678087524545,TRUE
"1874",1874,"Region.10",7,-8.72688918561644,0.732110943380343,0.681185412778889,TRUE
"1875",1875,"Region.10",15,-7.88348739420241,0.743720083928739,0.668491164310367,TRUE
"1876",1876,"Region.10",0,-7.59353401083277,0.755109145738995,0.655599098551336,TRUE
"1877",1877,"Region.10",7,-6.74937874111674,0.766274758604489,0.64251303047147,TRUE
"1878",1878,"Region.10",0,-6.16113867402696,0.777213618440737,0.629236832448846,TRUE
"1879",1879,"Region.10",15,-6.02817367399185,0.787922488263123,0.615774433124053,TRUE
"1880",1880,"Region.10",0,-2.91167057461608,0.798398199144774,0.602129816237646,TRUE
"1881",1881,"Region.10",7,-3.64199192760701,0.808637651154311,0.588307019451272,TRUE
"1882",1882,"Region.10",7,-6.0543500282629,0.818637814273142,0.574310133152893,TRUE
"1883",1883,"Region.10",7,-10.4220568557695,0.828395729292113,0.560143299246352,TRUE
"1884",1884,"Region.10",6,-12.7793056317906,0.837908508687182,0.545810709925724,TRUE
"1885",1885,"Region.10",14,-10.7105012295237,0.847173337473878,0.53131660643478,TRUE
"1886",1886,"Region.10",21,-9.09299550278243,0.856187474040303,0.516665277811936,TRUE
"1887",1887,"Region.10",14,-11.5155830232306,0.864948250958432,0.501861059621036,TRUE
"1888",1888,"Region.10",14,-13.2312741187845,0.873453075773423,0.486908332668426,TRUE
"1889",1889,"Region.10",7,-11.0321404422128,0.881699431770784,0.471811521706577,TRUE
"1890",1890,"Region.10",15,-5.71478008016858,0.889684878721104,0.456575094124739,TRUE
"1891",1891,"Region.10",7,-2.39605450443211,0.897407053602158,0.441203558626961,TRUE
"1892",1892,"Region.10",20,0.0590413622724724,0.904863671298159,0.425701463897904,TRUE
"1893",1893,"Region.10",7,-0.466937279481886,0.912052525275963,0.410073397256807,TRUE
"1894",1894,"Region.10",0,-3.62750942385795,0.918971488238027,0.394323983300009,TRUE
"1895",1895,"Region.10",0,-4.96960769784031,0.925618512751892,0.37845788253249,TRUE
"1896",1896,"Region.10",0,-5.17928527121246,0.931991631856063,0.362479789988727,TRUE
"1897",1897,"Region.10",0,-7.41591709581364,0.938088959642065,0.346394433843368,TRUE
"1898",1898,"Region.10",6,-9.51920854486481,0.943908691812509,0.330206574012084,TRUE
"1899",1899,"Region.10",6,-10.6469827463091,0.949449106215012,0.313921000743044,TRUE
"1900",1900,"Region.10",20,-10.785117909396,0.954708563351822,0.297542533199373,TRUE
"1901",1901,"Region.10",27,-9.88791130660001,0.959685506864952,0.28107601803313,TRUE
"1902",1902,"Region.10",0,-6.53345331665694,0.964378463996745,0.264526327951073,TRUE
"1903",1903,"Region.10",14,-2.00200362621696,0.968786046025684,0.247898360272756,TRUE
"1904",1904,"Region.10",21,-0.16392178121832,0.972906948677336,0.231197035481332,TRUE
"1905",1905,"Region.10",0,0.821989890503126,0.976739952510304,0.214427295767515,TRUE
"1906",1906,"Region.10",6,0.941998745573788,0.980283923277091,0.197594103567069,TRUE
"1907",1907,"Region.10",7,0.379151637816134,0.983537812259729,0.180702440092394,TRUE
"1908",1908,"Region.10",7,-1.3195235709607,0.986500656580118,0.163757303858473,TRUE
"1909",1909,"Region.10",0,-3.42577216642453,0.989171579484955,0.146763709203739,TRUE
"1910",1910,"Region.10",7,-3.05263305852288,0.991549790605182,0.12972668480625,TRUE
"1911",1911,"Region.10",7,-0.177226625544922,0.993634586189866,0.112651272195633,TRUE
"1912",1912,"Region.10",6,1.34005335408621,0.995425349314453,0.0955425242611808,TRUE
"1913",1913,"Region.10",7,-0.965275286380149,0.996921550063325,0.0784055037566686,TRUE
"1914",1914,"Region.10",7,-1.13924506166119,0.998122745686608,0.0612452818021716,TRUE
"1915",1915,"Region.10",14,-0.828047028596558,0.999028580731191,0.0440669363834475,TRUE
"1916",1916,"Region.10",0,-2.06185928877088,0.999638787145911,0.0268755508492786,TRUE
"1917",1917,"Region.10",0,-2.3216276203728,0.999953184360873,0.00967621240723454,TRUE
"1918",1918,"Region.10",7,-2.1116356425749,0.999971679340883,-0.00752598938174322,TRUE
"1919",1919,"Region.10",7,-2.99638192230511,0.999694266612979,-0.0247259641093814,TRUE
"1920",1920,"Region.10",7,-2.93790691662432,0.99912102826805,-0.0419186220264371,TRUE
"1921",1921,"Region.10",7,-5.39644228752905,0.998252133936544,-0.0590988755488294,TRUE
"1922",1922,"Region.10",14,-6.82697607839677,0.997087840738274,-0.0762616407631373,TRUE
"1923",1923,"Region.10",0,-7.01864627071709,0.99562849320633,-0.0934018389310045,TRUE
"1924",1924,"Region.10",15,-6.8956004573101,0.993874523185123,-0.110514397992048,TRUE
"1925",1925,"Region.10",0,-6.57993313315778,0.991826449702602,-0.12759425406472,TRUE
"1926",1926,"Region.10",0,-5.6939368185518,0.989484878816661,-0.14463635294482,TRUE
"1927",1927,"Region.10",13,-4.92779485529199,0.986850503435797,-0.161635651601109,TRUE
"1928",1928,"Region.10",14,-4.99911876037711,0.983924103114068,-0.178587119667621,TRUE
"1929",1929,"Region.10",7,-5.04821936708246,0.980706543820413,-0.195485740932226,TRUE
"1930",1930,"Region.10",7,-2.9328310017379,0.977198777682388,-0.212326514821033,TRUE
"1931",1931,"Region.10",0,-0.77416290300463,0.973401842704431,-0.229104457878099,TRUE
"1932",1932,"Region.10",0,-1.44444787406078,0.969316862460688,-0.245814605240143,TRUE
"1933",1933,"Region.10",6,-3.38600338555261,0.964945045762534,-0.26245201210572,TRUE
"1934",1934,"Region.10",0,-2.00539748918103,0.960287686300866,-0.279011755198468,TRUE
"1935",1935,"Region.10",14,1.31365723838502,0.95534616226328,-0.295488934223978,TRUE
"1936",1936,"Region.10",7,3.68305432993884,0.950121935926237,-0.311878673319898,TRUE
"1937",1937,"Region.10",14,4.14880295001702,0.944616553222361,-0.328176122498738,TRUE
"1938",1938,"Region.10",7,1.86036051600401,0.938831643282968,-0.344376459083084,TRUE
"1939",1939,"Region.10",22,-1.9002514869228,0.932768917955978,-0.360474889132703,TRUE
"1940",1940,"Region.10",6,-1.75089886608261,0.926430171299356,-0.376466648863144,TRUE
"1941",1941,"Region.10",7,1.23361346045935,0.919817279050219,-0.392347006055421,TRUE
"1942",1942,"Region.10",20,3.58372258100125,0.912932198069776,-0.408111261456343,TRUE
"1943",1943,"Region.10",54,4.39629289063103,0.905776965764255,-0.423754750169127,TRUE
"1944",1944,"Region.10",135,6.62681948903697,0.898353699482014,-0.439272843033779,TRUE
"1945",1945,"Region.10",174,8.28333775505055,0.890664595886976,-0.454660947996956,TRUE
"1946",1946,"Region.10",63,7.70282385729838,0.882711930308598,-0.469914511470829,TRUE
"1947",1947,"Region.10",43,7.42266371102566,0.874498056068573,-0.485029019680561,TRUE
"1948",1948,"Region.10",46,7.31079520437871,0.86602540378444,-0.499999999999997,TRUE
"1949",1949,"Region.10",85,7.14494623021097,0.857296480650315,-0.514823022275212,TRUE
"1950",1950,"Region.10",13,6.42732013563492,0.848313869694992,-0.52949370013543,TRUE
"1951",1951,"Region.10",14,6.35377354250428,0.839080229017567,-0.544007692291044,TRUE
"1952",1952,"Region.10",7,5.95365585102039,0.829598291000874,-0.558360703818266,TRUE
"1953",1953,"Region.10",14,6.97086786508742,0.81987086150292,-0.572548487430069,TRUE
"1954",1954,"Region.10",6,7.64254661034652,0.809900819026598,-0.586566844733016,TRUE
"1955",1955,"Region.10",27,8.02702358332589,0.799691113867871,-0.600411627469659,TRUE
"1956",1956,"Region.10",41,9.85916927052349,0.789244767242757,-0.614078738746039,TRUE
"1957",1957,"Region.10",34,10.5269265637321,0.778564870393289,-0.627564134244048,TRUE
"1958",1958,"Region.10",115,11.9811222447684,0.767654583672767,-0.640863823418198,TRUE
"1959",1959,"Region.10",315,13.479921779592,0.756517135610561,-0.653973870676491,TRUE
"1960",1960,"Region.10",450,13.0800547452199,0.745155821956743,-0.666890396545017,TRUE
"1961",1961,"Region.10",394,11.8557159136541,0.733574004706799,-0.679609578815977,TRUE
"1962",1962,"Region.10",173,11.2188167926838,0.721775111106791,-0.692127653678698,TRUE
"1963",1963,"Region.10",282,11.7319410780876,0.709762632639162,-0.704440916833432,TRUE
"1964",1964,"Region.10",231,14.2016210986322,0.697540123989552,-0.716545724587511,TRUE
"1965",1965,"Region.10",228,16.637820773248,0.685111201994912,-0.728438494933572,TRUE
"1966",1966,"Region.10",256,15.1573997443829,0.672479544573227,-0.740115708609529,TRUE
"1967",1967,"Region.10",98,14.4089620013116,0.659648889635143,-0.751573910139996,TRUE
"1968",1968,"Region.10",37,13.1477275199886,0.646623033977885,-0.762809708858792,TRUE
"1969",1969,"Region.10",46,13.3362146032169,0.633405832161709,-0.773819779912308,TRUE
"1970",1970,"Region.10",33,12.4409923773863,0.620001195369277,-0.784600865243385,TRUE
"1971",1971,"Region.10",54,13.2591233864731,0.606413090248275,-0.795149774555422,TRUE
"1972",1972,"Region.10",93,12.7283609503259,0.592645537737625,-0.805463386256434,TRUE
"1973",1973,"Region.10",35,12.6531995421855,0.578702611877603,-0.815538648382797,TRUE
"1974",1974,"Region.10",41,12.6400338335891,0.564588438604297,-0.825372579502349,TRUE
"1975",1975,"Region.10",93,12.054610533782,0.550307194528654,-0.834962269596658,TRUE
"1976",1976,"Region.10",25,11.0027938015562,0.535863105700557,-0.844304880922143,TRUE
"1977",1977,"Region.10",27,9.71982225183217,0.521260446358276,-0.853397648849802,TRUE
"1978",1978,"Region.10",20,9.1489742830218,0.506503537663649,-0.862237882683316,TRUE
"1979",1979,"Region.10",68,10.0414777217379,0.491596746423364,-0.870822966455274,TRUE
"1980",1980,"Region.10",99,11.7347508795549,0.47654448379678,-0.879150359701263,TRUE
"1981",1981,"Region.10",98,14.2392825656549,0.461351203990577,-0.887217598211648,TRUE
"1982",1982,"Region.10",91,17.6855236613498,0.446021402940687,-0.895022294760763,TRUE
"1983",1983,"Region.10",121,18.4145765837942,0.430559616981872,-0.902562139813334,TRUE
"1984",1984,"Region.10",130,18.2209966289978,0.41497042150536,-0.909834902207903,TRUE
"1985",1985,"Region.10",52,16.7769369900356,0.399258429604886,-0.916838429817075,TRUE
"1986",1986,"Region.10",34,14.0626789875471,0.383428290711642,-0.923570650184353,TRUE
"1987",1987,"Region.10",35,14.2448392279852,0.367484689218408,-0.930029571137418,TRUE
"1988",1988,"Region.10",69,16.1581864600993,0.351432343093374,-0.936213281377647,TRUE
"1989",1989,"Region.10",158,15.344754893703,0.335276002484016,-0.942119951045692,TRUE
"1990",1990,"Region.10",113,14.0910169948302,0.319020448311458,-0.947747832262969,TRUE
"1991",1991,"Region.10",20,13.2282460658273,0.302670490855692,-0.953095259648885,TRUE
"1992",1992,"Region.10",40,14.6951265188679,0.286230968332182,-0.958160650813642,TRUE
"1993",1993,"Region.10",27,16.3892975191723,0.269706745460129,-0.962942506826501,TRUE
"1994",1994,"Region.10",50,17.1704601771909,0.25310271202293,-0.967439412659334,TRUE
"1995",1995,"Region.10",0,15.8523009852374,0.236423781421212,-0.971650037605359,TRUE
"1996",1996,"Region.10",13,14.9094241067048,0.219674889218879,-0.97557313567291,TRUE
"1997",1997,"Region.10",21,14.6815807051144,0.202860991682604,-0.979207545954151,TRUE
"1998",1998,"Region.10",27,15.7612973110974,0.185987064315164,-0.982552192968611,TRUE
"1999",1999,"Region.10",81,17.3671073230174,0.169058100383148,-0.985606086981428,TRUE
"2000",2000,"Region.10",53,19.0816366613763,0.152079109439346,-0.988368324296229,TRUE
"2001",2001,"Region.10",91,19.3987081798781,0.135055115840343,-0.990838087522554,TRUE
"2002",2002,"Region.10",104,18.6134581981512,0.117991157259735,-0.993014645817728,TRUE
"2003",2003,"Region.10",56,16.5334185510324,0.100892283197406,-0.994897355103135,TRUE
"2004",2004,"Region.10",33,16.8907677285561,0.083763553485271,-0.996485658254809,TRUE
"2005",2005,"Region.10",127,18.3765118358836,0.0666100367900336,-0.997779085268292,TRUE
"2006",2006,"Region.10",227,18.2044451897791,0.0494368091132577,-0.998777253397723,TRUE
"2007",2007,"Region.10",195,18.2313864463055,0.0322489522893033,-0.999479867269092,TRUE
"2008",2008,"Region.10",242,19.7509961240144,0.0150515524815308,-0.999886718967652,TRUE
"2009",2009,"Region.10",354,21.5290330680308,-0.00215030132277013,-0.999997688099438,TRUE
"2010",2010,"Region.10",177,20.6326029821523,-0.0193515188183217,-0.9998127418269,TRUE
"2011",2011,"Region.10",279,17.9745222907885,-0.036547009888119,-0.999331934878616,TRUE
"2012",2012,"Region.10",327,18.9438181863696,-0.0537316861097054,-0.998555409533096,TRUE
"2013",2013,"Region.10",218,19.2290059794833,-0.0709004622609124,-0.997483395576683,TRUE
"2014",2014,"Region.10",182,19.253957042294,-0.0880482578246575,-0.996116210235554,TRUE
"2015",2015,"Region.10",306,17.3027790652842,-0.105169998492345,-0.994454258081849,TRUE
"2016",2016,"Region.10",269,18.7167107750422,-0.122260617665463,-0.992498030913946,TRUE
"2017",2017,"Region.10",113,17.7669121421837,-0.13931505795483,-0.990248107610937,TRUE
"2018",2018,"Region.10",66,17.9687342068699,-0.156328272677184,-0.987705153961327,TRUE
"2019",2019,"Region.10",196,18.6616204036694,-0.173295227348573,-0.984869922466011,TRUE
"2020",2020,"Region.10",172,19.5003732666798,-0.190210901174137,-0.981743252115604,TRUE
"2021",2021,"Region.10",274,18.3401913879712,-0.207070288533838,-0.978326068142167,TRUE
"2022",2022,"Region.10",546,17.2754885561507,-0.223868400463728,-0.974619381745413,TRUE
"2023",2023,"Region.10",461,18.6528481162921,-0.240600266132225,-0.970624289793483,TRUE
"2024",2024,"Region.10",167,19.8134898485471,-0.257260934311087,-0.966341974498359,TRUE
"2025",2025,"Region.10",248,21.8099821248789,-0.273845474840555,-0.961773703066033,TRUE
"2026",2026,"Region.10",276,22.3014521807513,-0.290348980088269,-0.95692082732152,TRUE
"2027",2027,"Region.10",292,22.1099021827245,-0.306766566401502,-0.951784783308828,TRUE
"2028",2028,"Region.10",273,22.9647264740633,-0.323093375552343,-0.946367090866009,TRUE
"2029",2029,"Region.10",476,23.772722530233,-0.339324576175287,-0.940669353175419,TRUE
"2030",2030,"Region.10",390,24.6138121987041,-0.355455365196932,-0.934693256289311,TRUE
"2031",2031,"Region.10",140,23.3816735636489,-0.371480969257289,-0.928440568630898,TRUE
"2032",2032,"Region.10",107,21.9544770365367,-0.387396646122289,-0.921913140471055,TRUE
"2033",2033,"Region.10",123,22.3479063650037,-0.403197686087081,-0.915112903380792,TRUE
"2034",2034,"Region.10",113,21.8133444600613,-0.41887941336974,-0.908041869659666,TRUE
"2035",2035,"Region.10",114,21.606067054105,-0.434437187494861,-0.900702131740319,TRUE
"2036",2036,"Region.10",131,20.8399399079775,-0.44986640466678,-0.893095861569286,TRUE
"2037",2037,"Region.10",136,20.5027586101042,-0.465162499131904,-0.885225309964283,TRUE
"2038",2038,"Region.10",77,21.3547210060507,-0.48032094452979,-0.877092805948157,TRUE
"2039",2039,"Region.10",130,22.0999278027978,-0.495337255232562,-0.868700756059687,TRUE
"2040",2040,"Region.10",149,22.2197004521894,-0.510206987672307,-0.860051643641445,TRUE
"2041",2041,"Region.10",146,21.2662024576477,-0.524925741655958,-0.851148028104948,TRUE
"2042",2042,"Region.10",74,21.2507114820115,-0.539489161667411,-0.841992544173281,TRUE
"2043",2043,"Region.10",50,22.3246690875207,-0.55389293815638,-0.832587901101435,TRUE
"2044",2044,"Region.10",84,21.7721838490105,-0.568132808813668,-0.822936881874602,TRUE
"2045",2045,"Region.10",44,20.6334410019933,-0.582204559832444,-0.813042342384645,TRUE
"2046",2046,"Region.10",87,18.961309804295,-0.596104027155201,-0.802907210584979,FALSE
"2047",2047,"Region.10",81,18.5986049434313,-0.609827097705931,-0.792534485624165,FALSE
"2048",2048,"Region.10",75,18.5866201157391,-0.623369710607276,-0.781927236958402,FALSE
"2049",2049,"Region.10",108,19.7615706080661,-0.636727858382197,-0.771088603443223,FALSE
"2050",2050,"Region.10",179,19.4891892067795,-0.649897588139857,-0.760021792404663,FALSE
"2051",2051,"Region.10",552,19.1387130371828,-0.66287500274534,-0.748730078690155,FALSE
"2052",2052,"Region.10",686,19.6534276168542,-0.675656261972871,-0.737216803699459,FALSE
"2053",2053,"Region.10",956,19.2951147223018,-0.688237583642226,-0.725485374395866,FALSE
"2054",2054,"Region.10",1088,19.1634349404156,-0.700615244737904,-0.713539262298051,FALSE
"2055",2055,"Region.10",589,16.9218007653202,-0.712785582510848,-0.70138200245278,FALSE
"2056",2056,"Region.10",189,15.9920518819699,-0.72474499556231,-0.689017192388831,FALSE
"2057",2057,"Region.10",108,15.7987126098461,-0.736489944909559,-0.676448491052434,FALSE
"2058",2058,"Region.10",86,14.5801288128497,-0.74801695503312,-0.66367961772453,FALSE
"2059",2059,"Region.10",26,15.5146424941231,-0.759322614905257,-0.650714350920158,FALSE
"2060",2060,"Region.10",41,15.6622462480973,-0.770403578999317,-0.637556527270361,FALSE
"2061",2061,"Region.10",21,15.8972255090781,-0.781256568279749,-0.624210040386847,FALSE
"2062",2062,"Region.10",62,16.3186668839738,-0.791878371172418,-0.610678839709809,FALSE
"2063",2063,"Region.10",218,15.4178819774725,-0.802265844514959,-0.596966929339222,FALSE
"2064",2064,"Region.10",209,17.5693206177488,-0.812415914486887,-0.583078366849975,FALSE
"2065",2065,"Region.10",150,17.7279241523754,-0.822325577519208,-0.569017262091143,FALSE
"2066",2066,"Region.10",103,15.081034001268,-0.831991901183194,-0.554787775969851,FALSE
"2067",2067,"Region.10",34,14.586581592208,-0.841412025058158,-0.540394119219972,FALSE
"2068",2068,"Region.10",7,13.8214465074426,-0.850583161577889,-0.525840551156111,FALSE
"2069",2069,"Region.10",7,14.9231006571812,-0.859502596855542,-0.511131378413201,FALSE
"2070",2070,"Region.10",34,14.3968763061572,-0.868167691486715,-0.496270953672112,FALSE
"2071",2071,"Region.10",148,13.9945850323597,-0.876575881330506,-0.481263674371594,FALSE
"2072",2072,"Region.10",21,12.389345796516,-0.884724678268261,-0.46611398140704,FALSE
"2073",2073,"Region.10",7,12.1705760591415,-0.892611670939864,-0.450826357816336,FALSE
"2074",2074,"Region.10",0,12.7699729411139,-0.900234525457296,-0.435405327453255,FALSE
"2075",2075,"Region.10",14,12.5704811311799,-0.907590986095265,-0.419855453648783,FALSE
"2076",2076,"Region.10",48,11.6604443887974,-0.91467887595871,-0.404181337860757,FALSE
"2077",2077,"Region.10",20,12.9603541943681,-0.921496097626993,-0.3883876183122,FALSE
"2078",2078,"Region.10",99,13.8637628819177,-0.928040633774542,-0.372478968618828,FALSE
"2079",2079,"Region.10",29,14.8040635689696,-0.934310547767819,-0.356460096406032,FALSE
"2080",2080,"Region.10",44,13.3850532001231,-0.940303984238401,-0.340335741915817,FALSE
"2081",2081,"Region.10",13,12.9957641454923,-0.946019169632009,-0.324110676604094,FALSE
"2082",2082,"Region.10",27,13.0805160643066,-0.951454412733337,-0.307789701728731,FALSE
"2083",2083,"Region.10",47,12.8934761128503,-0.956608105166509,-0.29137764692876,FALSE
"2084",2084,"Region.10",59,13.2754500613325,-0.961478721871018,-0.274879368795247,FALSE
"2085",2085,"Region.10",120,12.8188283332265,-0.96606482155302,-0.258299749434124,FALSE
"2086",2086,"Region.10",21,11.8530813193597,-0.970365047111836,-0.2416436950215,FALSE
"2087",2087,"Region.10",12,10.5005977396236,-0.97437812604154,-0.224916134351845,FALSE
"2088",2088,"Region.10",7,10.0916561145215,-0.978102870807509,-0.20812201737949,FALSE
"2089",2089,"Region.10",7,8.19090990522244,-0.981538179197846,-0.191266313753825,FALSE
"2090",2090,"Region.10",7,8.23765563197805,-0.984683034649528,-0.174354011348741,FALSE
"2091",2091,"Region.10",0,8.65548080447762,-0.98753650654923,-0.157390114786612,FALSE
"2092",2092,"Region.10",15,8.96578165360335,-0.990097750508709,-0.140379643957354,FALSE
"2093",2093,"Region.10",7,9.07062094429086,-0.992366008614672,-0.123327632532958,FALSE
"2094",2094,"Region.10",19,9.52706567227527,-0.994340609653051,-0.106239126477952,FALSE
"2095",2095,"Region.10",7,8.33886311682857,-0.996020969307633,-0.0891191825561907,FALSE
"2096",2096,"Region.10",7,7.59517977611438,-0.99740659033296,-0.0719728668345213,FALSE
"2097",2097,"Region.10",14,7.91516465278828,-0.998497062701478,-0.0548052531836234,FALSE
"2098",2098,"Region.10",0,8.22529820335864,-0.99929206372487,-0.0376214217765768,FALSE
"2099",2099,"Region.10",7,7.36559870424533,-0.999791358149542,-0.020426457585556,FALSE
"2100",2100,"Region.10",0,6.86586621730116,-0.999994798226241,-0.0032254488771127,FALSE
"2101",2101,"Region.10",0,5.54277573752343,-0.999902323753777,0.013976514293553,FALSE
"2102",2102,"Region.10",0,5.50939195658088,-0.999513962096831,0.0311743415887787,FALSE
"2103",2103,"Region.10",7,6.20964055213007,-0.998829828177868,0.0483629438947813,FALSE
"2104",2104,"Region.10",20,5.84129769053834,-0.997850124443121,0.0655372348276006,FALSE
"2105",2105,"Region.10",20,6.28760213071387,-0.996575140802686,0.0826921322382416,FALSE
"2106",2106,"Region.10",64,6.1012432823146,-0.995005254544735,0.0998225597165648,FALSE
"2107",2107,"Region.10",14,4.58979765992597,-0.99314093022387,0.11692344809347,FALSE
"2108",2108,"Region.10",13,3.75366485568188,-0.99098271952365,0.133989736940975,FALSE
"2109",2109,"Region.10",0,2.68780202108306,-0.988531261093343,0.151016376069631,FALSE
"2110",2110,"Region.10",0,1.88454748596723,-0.985787280358941,0.167998327022988,FALSE
"2111",2111,"Region.10",7,2.06072603656365,-0.982751589308488,0.184930564568545,FALSE
"2112",2112,"Region.10",7,3.76997629383065,-0.979425086251806,0.201808078184801,FALSE
"2113",2113,"Region.10",0,4.63323337709975,-0.975808755554669,0.218625873543934,FALSE
"2114",2114,"Region.10",7,5.71800478243895,-0.971903667347509,0.235378973989741,FALSE
"2115",2115,"Region.10",19,5.40959830129602,-0.967710977208754,0.252062422010261,FALSE
"2116",2116,"Region.10",0,4.94931978570727,-0.96323192582287,0.268671280704813,FALSE
"2117",2117,"Region.10",20,4.52369254313095,-0.958467838613224,0.2852006352449,FALSE
"2118",2118,"Region.10",14,3.20440877311671,-0.953420125349868,0.30164559432858,FALSE
"2119",2119,"Region.10",7,1.93602042032265,-0.948090279732368,0.318001291627881,FALSE
"2120",2120,"Region.10",0,1.43967570926814,-0.942479878947787,0.334262887228848,FALSE
"2121",2121,"Region.10",0,0.871410608929078,-0.936590583203982,0.35042556906371,FALSE
"2122",2122,"Region.10",0,1.5222928632061,-0.930424135238313,0.366484554334882,FALSE
"2123",2123,"Region.10",0,1.68682729378527,-0.923982359801943,0.382435090930256,FALSE
"2124",2124,"Region.10",7,1.21602690679106,-0.91726716311986,0.398272458829435,FALSE
"2125",2125,"Region.10",14,1.41504572819862,-0.910280532326804,0.413991971500452,FALSE
"2126",2126,"Region.10",14,0.910189526361997,-0.903024534879223,0.429588977286618,FALSE
"2127",2127,"Region.10",16,0.69838667717243,-0.895501317943504,0.445058860782983,FALSE
"2128",2128,"Region.10",15,1.98987575761257,-0.887713107760575,0.460397044202134,FALSE
"2129",2129,"Region.10",0,2.6014391679535,-0.879662208987129,0.475598988728829,FALSE
"2130",2130,"Region.10",8,2.67276213218424,-0.871351004013639,0.490660195863107,FALSE
"2131",2131,"Region.10",21,1.93026833387691,-0.862781952259376,0.50557620875146,FALSE
"2132",2132,"Region.10",0,0.971073728685605,-0.853957589444609,0.520342613505711,FALSE
"2133",2133,"Region.10",0,-0.496981840667767,-0.844880526840268,0.534955040509117,FALSE
"2134",2134,"Region.10",0,-2.13046633307851,-0.835553450495215,0.549409165709438,FALSE
"2135",2135,"Region.10",7,-2.16502212434202,-0.825979120441398,0.563700711898481,FALSE
"2136",2136,"Region.10",0,-2.19246153778938,-0.816160369877116,0.577825449977802,FALSE
"2137",2137,"Region.10",7,-1.56994707094827,-0.806100104328634,0.591779200210151,FALSE
"2138",2138,"Region.10",7,-1.71493833960989,-0.795801300790373,0.605557833456351,FALSE
"2139",2139,"Region.10",0,-1.50582732064725,-0.785267006843997,0.619157272397143,FALSE
"2140",2140,"Region.10",0,-2.00165232873187,-0.774500339756564,0.63257349273975,FALSE
"2141",2141,"Region.10",0,-2.65872113614232,-0.763504485558085,0.645802524408727,FALSE
"2142",2142,"Region.10",0,-2.00611245174432,-0.752282698098723,0.658840452720767,FALSE
"2143",2143,"Region.10",0,0.0491119673592836,-0.740838298085934,0.671683419543119,FALSE
"2144",2144,"Region.10",0,-0.701689315199025,-0.729174672101794,0.684327624435286,FALSE
"2145",2145,"Region.10",0,0.127157510174023,-0.717295271600887,0.696769325773609,FALSE
"2146",2146,"Region.10",14,-0.715700660563035,-0.705203611888942,0.709004841858496,FALSE
"2147",2147,"Region.10",20,-3.67398624557914,-0.692903271082604,0.721030552003886,FALSE
"2148",2148,"Region.10",0,-6.31341841409423,-0.68039788905061,0.732842897608671,FALSE
"2149",2149,"Region.10",0,-6.41950779047746,-0.667691166336703,0.744438383209741,FALSE
"2150",2150,"Region.10",0,-4.5243136207376,-0.654786863064553,0.755813577516362,FALSE
"2151",2151,"Region.10",0,-5.84074059432289,-0.641688797825115,0.766965114425525,FALSE
"2152",2152,"Region.10",7,-4.42432842849952,-0.628400846546621,0.777889694018047,FALSE
"2153",2153,"Region.10",0,-1.5896544657525,-0.614926941347635,0.788584083535067,FALSE
"2154",2154,"Region.10",0,-1.04455308579356,-0.601271069373482,0.799045118334672,FALSE
"2155",2155,"Region.10",7,-1.58923643228482,-0.587437271616386,0.809269702828357,FALSE
"2156",2156,"Region.10",7,-2.34358755755827,-0.573429641719655,0.819254811397082,FALSE
"2157",2157,"Region.10",13,-2.09154984824278,-0.559252324766344,0.828997489286571,FALSE
"2158",2158,"Region.10",13,-1.17454986977211,-0.54490951605263,0.838494853481694,FALSE
"2159",2159,"Region.10",7,-2.61009688715485,-0.530405459846365,0.847744093559587,FALSE
"2160",2160,"Region.10",7,-4.77705343881852,-0.515744448131128,0.856742472521304,FALSE
"2161",2161,"Region.10",0,-5.6238756406945,-0.500930819336159,0.865487327601742,FALSE
"2162",2162,"Region.10",14,-6.86747603169334,-0.485968957052552,0.873976071057586,FALSE
"2163",2163,"Region.10",0,-7.72788915959633,-0.470863288736059,0.882206190933085,FALSE
"2164",2164,"Region.10",6,-7.0904631222888,-0.455618284396966,0.890175251803354,FALSE
"2165",2165,"Region.10",13,-6.0650507602587,-0.440238455277328,0.897880895495072,FALSE
"2166",2166,"Region.10",6,-6.12756784690542,-0.424728352516017,0.905320841784298,FALSE
"2167",2167,"Region.10",0,-7.07900583403156,-0.409092565801974,0.912492889071228,FALSE
"2168",2168,"Region.10",0,-9.0532356101671,-0.393335722016051,0.919394915031681,FALSE
"2169",2169,"Region.10",7,-11.084649124263,-0.377462483861813,0.926024877245137,FALSE
"2170",2170,"Region.10",0,-11.3680593087603,-0.361477548485814,0.932380813799108,FALSE
"2171",2171,"Region.10",6,-8.47372845909959,-0.345385646087602,0.938460843869711,FALSE
"2172",2172,"Region.10",6,-9.29873366556727,-0.329191538519993,0.94426316827823,FALSE
"2173",2173,"Region.10",0,-9.92307615941356,-0.312900017879953,0.949786070023521,FALSE
"2174",2174,"Region.10",0,-12.0257356496895,-0.296515905090552,0.955027914790102,FALSE
"2175",2175,"Region.10",7,-10.4757772376223,-0.280044048474345,0.959987151431777,FALSE
"2176",2176,"Region.10",0,-8.43825496623457,-0.26348932231872,0.964662312430636,FALSE
"2177",2177,"Region.10",7,-7.2317795050822,-0.246856625433485,0.969052014331322,FALSE
"2178",2178,"Region.10",0,-9.0542112619591,-0.230150879701243,0.973154958150419,FALSE
"2179",2179,"Region.10",26,-8.67512124454072,-0.213377028620925,0.976969929760842,FALSE
"2180",2180,"Region.10",0,-8.94989137102801,-0.19654003584494,0.980495800251113,FALSE
"2181",2181,"Region.10",7,-9.83933966785096,-0.179644883710316,0.98373152625943,FALSE
"2182",2182,"Region.10",0,-10.3942719176745,-0.162696571764393,0.986676150282408,FALSE
"2183",2183,"Region.10",14,-8.63214612007896,-0.14570011528535,0.989328800958425,FALSE
"2184",2184,"Region.10",15,-7.16330111219121,-0.128660543798104,0.991688693325469,FALSE
"2185",2185,"Region.10",0,-10.0259089740355,-0.111582899585999,0.993755129053421,FALSE
"2186",2186,"Region.10",0,-11.030463779034,-0.0944722361987174,0.995527496650702,FALSE
"2187",2187,"Region.10",6,-10.9964383979276,-0.0773336169568255,0.997005271645228,FALSE
"2188",2188,"Region.10",0,-12.6693116965808,-0.0601721134534977,0.998188016739602,FALSE
"2189",2189,"Region.10",6,-13.8710258582095,-0.0429928040537229,0.999075381940521,FALSE
"2190",2190,"Region.10",0,-11.6434439257982,-0.0258007723915408,0.999667104662347,FALSE
"2191",2191,"Region.10",7,-9.95997130041844,-0.00860110586571361,0.999963009804806,FALSE
"2192",2192,"Region.10",0,-10.006337207929,0.00860110586571067,0.999963009804806,FALSE
"2193",2193,"Region.10",0,-8.5525194481252,0.0258007723915379,0.999667104662347,FALSE
"2194",2194,"Region.10",6,-7.85348605790512,0.04299280405372,0.999075381940521,FALSE
"2195",2195,"Region.10",0,-8.80969642693653,0.0601721134534948,0.998188016739602,FALSE
"2196",2196,"Region.10",13,-8.52577930811672,0.0773336169568226,0.997005271645228,FALSE
"2197",2197,"Region.10",0,-8.26441310868887,0.0944722361987145,0.995527496650702,FALSE
"2198",2198,"Region.10",7,-5.03913814846732,0.111582899585996,0.993755129053421,FALSE
"2199",2199,"Region.10",0,-5.20872170793252,0.128660543798101,0.991688693325469,FALSE
"2200",2200,"Region.10",7,-7.27898936359102,0.145700115285347,0.989328800958426,FALSE
"2201",2201,"Region.10",7,-9.04417821610589,0.162696571764391,0.986676150282409,FALSE
"2202",2202,"Region.10",0,-7.60762285764178,0.179644883710313,0.98373152625943,FALSE
"2203",2203,"Region.10",0,-8.75335120213565,0.196540035844937,0.980495800251113,FALSE
"2204",2204,"Region.10",8,-10.1590643611274,0.213377028620923,0.976969929760843,FALSE
"2205",2205,"Region.10",0,-10.4298494504112,0.23015087970124,0.97315495815042,FALSE
"2206",2206,"Region.10",0,-7.26742094472613,0.246856625433482,0.969052014331322,FALSE
"2207",2207,"Region.10",0,-5.26570566949381,0.263489322318717,0.964662312430637,FALSE
"2208",2208,"Region.10",0,-5.85220452230772,0.280044048474343,0.959987151431778,FALSE
"2209",2209,"Region.10",7,-7.78049546880701,0.296515905090549,0.955027914790103,FALSE
"2210",2210,"Region.10",7,-8.97311433793866,0.312900017879957,0.94978607002352,FALSE
"2211",2211,"Region.10",0,-10.9568894953725,0.32919153851999,0.944263168278231,FALSE
"2212",2212,"Region.10",21,-14.9289330555558,0.3453856460876,0.938460843869712,FALSE
"2213",2213,"Region.10",0,-16.4966013910805,0.361477548485811,0.932380813799109,FALSE
"2214",2214,"Region.10",19,-15.7089788685443,0.377462483861811,0.926024877245138,FALSE
"2215",2215,"Region.10",6,-16.9757198916826,0.393335722016048,0.919394915031682,FALSE
"2216",2216,"Region.10",27,-18.4108312649259,0.409092565801978,0.912492889071227,FALSE
"2217",2217,"Region.10",7,-20.0291916080208,0.424728352516014,0.905320841784299,FALSE
"2218",2218,"Region.10",0,-20.3187241072628,0.440238455277325,0.897880895495073,FALSE
"2219",2219,"Region.10",22,-19.6028038414302,0.455618284396964,0.890175251803355,FALSE
"2220",2220,"Region.10",0,-15.3083450603648,0.470863288736056,0.882206190933086,FALSE
"2221",2221,"Region.10",7,-14.0147473447217,0.48596895705255,0.873976071057587,FALSE
"2222",2222,"Region.10",0,-15.7256745347593,0.500930819336162,0.86548732760174,FALSE
"2223",2223,"Region.10",0,-15.3286778550615,0.515744448131126,0.856742472521306,FALSE
"2224",2224,"Region.10",13,-18.9442026585287,0.530405459846363,0.847744093559589,FALSE
"2225",2225,"Region.10",15,-17.9555086053054,0.544909516052628,0.838494853481696,FALSE
"2226",2226,"Region.10",0,-12.9930075300244,0.559252324766342,0.828997489286573,FALSE
"2227",2227,"Region.10",6,-9.45143709144132,0.573429641719653,0.819254811397083,FALSE
"2228",2228,"Region.10",7,-7.8892350660931,0.587437271616383,0.809269702828358,FALSE
"2229",2229,"Region.10",0,-7.05736973396808,0.60127106937348,0.799045118334673,FALSE
"2230",2230,"Region.10",14,-6.47573354195834,0.614926941347633,0.788584083535069,FALSE
"2231",2231,"Region.10",14,-4.83104602217254,0.628400846546618,0.777889694018049,FALSE
"2232",2232,"Region.10",0,-3.26658420830952,0.641688797825113,0.766965114425527,FALSE
"2233",2233,"Region.10",8,-3.71135886642543,0.654786863064551,0.755813577516364,FALSE
"2234",2234,"Region.10",0,-2.67097869399604,0.667691166336701,0.744438383209743,FALSE
"2235",2235,"Region.10",7,0.433171679148683,0.680397889050608,0.732842897608673,FALSE
"2236",2236,"Region.10",7,0.386672242439072,0.692903271082601,0.721030552003888,FALSE
"2237",2237,"Region.10",7,-2.83205855156945,0.70520361188894,0.709004841858498,FALSE
"2238",2238,"Region.10",7,-2.4679197357741,0.717295271600885,0.696769325773611,FALSE
"2239",2239,"Region.10",7,-5.17567888238333,0.729174672101792,0.684327624435288,FALSE
"2240",2240,"Region.10",14,-5.12341340668469,0.740838298085932,0.671683419543121,FALSE
"2241",2241,"Region.10",19,-4.14338563393911,0.752282698098721,0.65884045272077,FALSE
"2242",2242,"Region.10",0,-1.99474009879656,0.763504485558083,0.645802524408729,FALSE
"2243",2243,"Region.10",0,-1.10602777962374,0.774500339756562,0.632573492739753,FALSE
"2244",2244,"Region.10",0,-1.7515444842487,0.785267006843995,0.619157272397146,FALSE
"2245",2245,"Region.10",13,-3.13490852735435,0.795801300790371,0.605557833456354,FALSE
"2246",2246,"Region.10",7,-5.48763463407395,0.806100104328632,0.591779200210153,FALSE
"2247",2247,"Region.10",0,-6.73868769728406,0.816160369877114,0.577825449977804,FALSE
"2248",2248,"Region.10",13,-8.98156172791804,0.825979120441396,0.563700711898484,FALSE
"2249",2249,"Region.10",13,-11.0005657878429,0.835553450495213,0.54940916570944,FALSE
"2250",2250,"Region.10",0,-13.054488242134,0.844880526840267,0.534955040509119,FALSE
"2251",2251,"Region.10",7,-14.1442241511577,0.853957589444607,0.520342613505713,FALSE
"2252",2252,"Region.10",7,-13.9650214454525,0.862781952259374,0.505576208751463,FALSE
"2253",2253,"Region.10",0,-12.1203730097101,0.871351004013638,0.49066019586311,FALSE
"2254",2254,"Region.10",7,-9.39041491267722,0.879662208987127,0.475598988728832,FALSE
"2255",2255,"Region.10",0,-6.63370112710311,0.887713107760574,0.460397044202137,FALSE
"2256",2256,"Region.10",0,-5.27949840377609,0.895501317943503,0.445058860782986,FALSE
"2257",2257,"Region.10",14,-6.29531529879031,0.903024534879222,0.429588977286621,FALSE
"2258",2258,"Region.10",0,-7.38312601865701,0.910280532326803,0.413991971500455,FALSE
"2259",2259,"Region.10",20,-8.37479697929921,0.917267163119859,0.398272458829438,FALSE
"2260",2260,"Region.10",0,-10.2763234042544,0.923982359801942,0.382435090930259,FALSE
"2261",2261,"Region.10",0,-11.9063666011631,0.930424135238312,0.366484554334885,FALSE
"2262",2262,"Region.10",6,-11.8016661025826,0.936590583203981,0.350425569063713,FALSE
"2263",2263,"Region.10",6,-10.7087918272392,0.942479878947786,0.334262887228851,FALSE
"2264",2264,"Region.10",7,-9.45675189067143,0.948090279732367,0.318001291627884,FALSE
"2265",2265,"Region.10",20,-8.69560249670364,0.953420125349869,0.301645594328576,FALSE
"2266",2266,"Region.10",6,-7.44274356149284,0.958467838613223,0.285200635244903,FALSE
"2267",2267,"Region.10",21,-7.07598932727207,0.96323192582287,0.268671280704816,FALSE
"2268",2268,"Region.10",41,-5.38350381380865,0.967710977208753,0.252062422010264,FALSE
"2269",2269,"Region.10",60,-2.13900846273219,0.971903667347508,0.235378973989744,FALSE
"2270",2270,"Region.10",6,1.40604545119628,0.975808755554668,0.218625873543937,FALSE
"2271",2271,"Region.10",6,2.72160069444585,0.979425086251807,0.201808078184796,FALSE
"2272",2272,"Region.10",7,3.74216572871316,0.982751589308487,0.184930564568548,FALSE
"2273",2273,"Region.10",26,4.69217148511368,0.98578728035894,0.16799832702299,FALSE
"2274",2274,"Region.10",0,3.36376500035036,0.988531261093343,0.151016376069633,FALSE
"2275",2275,"Region.10",7,2.67943633923782,0.990982719523649,0.133989736940978,FALSE
"2276",2276,"Region.10",0,1.6022012557734,0.99314093022387,0.116923448093473,FALSE
"2277",2277,"Region.10",6,0.826307033442579,0.995005254544735,0.0998225597165607,FALSE
"2278",2278,"Region.10",13,0.991921112792183,0.996575140802686,0.0826921322382445,FALSE
"2279",2279,"Region.10",14,0.709560602861336,0.997850124443121,0.0655372348276035,FALSE
"2280",2280,"Region.10",7,3.04487787570923,0.998829828177868,0.0483629438947842,FALSE
"2281",2281,"Region.10",36,2.61719975910381,0.999513962096831,0.0311743415887816,FALSE
"2282",2282,"Region.10",0,0.685843063818172,0.999902323753777,0.0139765142935559,FALSE
"2283",2283,"Region.10",12,-2.23482471619314,0.999994798226241,-0.00322544887710977,FALSE
"2284",2284,"Region.10",7,-2.94073839109747,0.999791358149542,-0.0204264575855531,FALSE
"2285",2285,"Region.10",0,-0.0470387112213291,0.99929206372487,-0.0376214217765739,FALSE
"2286",2286,"Region.10",0,0.872074149211446,0.998497062701478,-0.0548052531836205,FALSE
"2287",2287,"Region.10",7,0.921435560052384,0.99740659033296,-0.0719728668345183,FALSE
"2288",2288,"Region.10",0,0.63244165395314,0.996020969307633,-0.0891191825561877,FALSE
"2289",2289,"Region.10",15,-0.373440885795778,0.994340609653052,-0.106239126477949,FALSE
"2290",2290,"Region.10",19,-3.52646884166403,0.992366008614673,-0.123327632532955,FALSE
"2291",2291,"Region.10",13,-2.69415914978185,0.99009775050871,-0.140379643957351,FALSE
"2292",2292,"Region.10",13,1.91397248929061,0.98753650654923,-0.157390114786609,FALSE
"2293",2293,"Region.10",0,4.29770111866713,0.984683034649528,-0.174354011348738,FALSE
"2294",2294,"Region.10",32,3.10239155184162,0.981538179197847,-0.191266313753822,FALSE
"2295",2295,"Region.10",42,1.32898926880273,0.97810287080751,-0.208122017379488,FALSE
"2296",2296,"Region.10",14,1.31468097679688,0.97437812604154,-0.224916134351842,FALSE
"2297",2297,"Region.10",6,4.21716179378613,0.970365047111837,-0.241643695021497,FALSE
"2298",2298,"Region.10",7,4.48500887369994,0.966064821553021,-0.258299749434121,FALSE
"2299",2299,"Region.10",7,5.09093456176314,0.961478721871019,-0.274879368795244,FALSE
"2300",2300,"Region.10",0,7.17712060739485,0.95660810516651,-0.291377646928757,FALSE
"2301",2301,"Region.10",13,9.28531341438245,0.951454412733338,-0.307789701728728,FALSE
"2302",2302,"Region.10",42,9.00261861517819,0.94601916963201,-0.324110676604091,FALSE
"2303",2303,"Region.10",7,6.05160686133742,0.940303984238402,-0.340335741915814,FALSE
"2304",2304,"Region.10",6,5.63860384397395,0.93431054776782,-0.356460096406029,FALSE
"2305",2305,"Region.10",38,8.03387175938146,0.928040633774543,-0.372478968618825,FALSE
"2306",2306,"Region.10",0,8.40183480948739,0.921496097626994,-0.388387618312197,FALSE
"2307",2307,"Region.10",0,7.92310498772417,0.914678875958711,-0.404181337860755,FALSE
"2308",2308,"Region.10",7,6.93264121209649,0.907590986095266,-0.41985545364878,FALSE
"2309",2309,"Region.10",0,6.84098645827908,0.900234525457298,-0.435405327453252,FALSE
"2310",2310,"Region.10",14,6.29616425248927,0.892611670939866,-0.450826357816333,FALSE
"2311",2311,"Region.10",0,5.56885821575058,0.884724678268262,-0.466113981407038,FALSE
"2312",2312,"Region.10",6,4.52616747404424,0.876575881330507,-0.481263674371591,FALSE
"2313",2313,"Region.10",0,4.47806731813429,0.868167691486717,-0.49627095367211,FALSE
"2314",2314,"Region.10",13,6.07504509283751,0.859502596855544,-0.511131378413199,FALSE
"2315",2315,"Region.10",6,6.89876310894398,0.850583161577891,-0.525840551156108,FALSE
"2316",2316,"Region.10",14,5.41297486137225,0.84141202505816,-0.54039411921997,FALSE
"2317",2317,"Region.10",7,3.69462699695765,0.831991901183196,-0.554787775969849,FALSE
"2318",2318,"Region.10",12,3.34147875943968,0.82232557751921,-0.569017262091141,FALSE
"2319",2319,"Region.10",19,5.01279868802882,0.812415914486889,-0.583078366849973,FALSE
"2320",2320,"Region.10",13,6.57390616667218,0.802265844514956,-0.596966929339225,FALSE
"2321",2321,"Region.10",45,8.14190308046816,0.79187837117242,-0.610678839709806,FALSE
"2322",2322,"Region.10",216,8.63779456082002,0.781256568279751,-0.624210040386845,FALSE
"2323",2323,"Region.10",299,10.2753673655339,0.770403578999319,-0.637556527270359,FALSE
"2324",2324,"Region.10",211,9.93348274519155,0.759322614905259,-0.650714350920156,FALSE
"2325",2325,"Region.10",56,8.97287277667991,0.748016955033122,-0.663679617724528,FALSE
"2326",2326,"Region.10",66,9.69885252789349,0.736489944909556,-0.676448491052437,FALSE
"2327",2327,"Region.10",24,11.9898471682107,0.724744995562312,-0.689017192388829,FALSE
"2328",2328,"Region.10",43,11.2042227855195,0.71278558251085,-0.701382002452778,FALSE
"2329",2329,"Region.10",19,10.3519494387232,0.700615244737906,-0.713539262298049,FALSE
"2330",2330,"Region.10",7,11.7072521399314,0.688237583642229,-0.725485374395864,FALSE
"2331",2331,"Region.10",20,10.5428865519307,0.675656261972873,-0.737216803699457,FALSE
"2332",2332,"Region.10",25,11.8339130866627,0.662875002745337,-0.748730078690158,FALSE
"2333",2333,"Region.10",39,11.6195357175118,0.649897588139859,-0.760021792404661,FALSE
"2334",2334,"Region.10",19,9.46565624385545,0.636727858382199,-0.771088603443221,FALSE
"2335",2335,"Region.10",0,9.58357997798848,0.623369710607278,-0.7819272369584,FALSE
"2336",2336,"Region.10",6,9.63229020876808,0.609827097705934,-0.792534485624164,FALSE
"2337",2337,"Region.10",14,9.50614002303912,0.596104027155204,-0.802907210584977,FALSE
"2338",2338,"Region.10",20,10.6983764633016,0.582204559832447,-0.813042342384643,FALSE
"2339",2339,"Region.10",13,12.3299493467323,0.56813280881367,-0.8229368818746,FALSE
"2340",2340,"Region.10",18,14.0118438701266,0.553892938156382,-0.832587901101433,FALSE
"2341",2341,"Region.10",13,13.5423160901681,0.539489161667413,-0.841992544173279,FALSE
"2342",2342,"Region.10",13,13.3480587528241,0.524925741655961,-0.851148028104947,FALSE
"2343",2343,"Region.10",44,15.1603303163982,0.510206987672309,-0.860051643641443,FALSE
"2344",2344,"Region.10",13,14.8776694312722,0.495337255232565,-0.868700756059686,FALSE
"2345",2345,"Region.10",27,13.7963010689415,0.480320944529792,-0.877092805948155,FALSE
"2346",2346,"Region.10",0,12.5380765222208,0.465162499131907,-0.885225309964282,FALSE
"2347",2347,"Region.10",0,13.1591374409816,0.449866404666783,-0.893095861569284,FALSE
"2348",2348,"Region.10",38,13.9077504529235,0.434437187494864,-0.900702131740318,FALSE
"2349",2349,"Region.10",38,15.1454162029456,0.418879413369743,-0.908041869659665,FALSE
"2350",2350,"Region.10",151,16.8127876945072,0.403197686087084,-0.915112903380791,FALSE
"2351",2351,"Region.10",190,20.0225773922659,0.387396646122291,-0.921913140471053,FALSE
"2352",2352,"Region.10",72,18.9259735555379,0.371480969257292,-0.928440568630897,FALSE
"2353",2353,"Region.10",86,17.4131681440304,0.355455365196935,-0.93469325628931,FALSE
"2354",2354,"Region.10",75,16.4638154799301,0.339324576175289,-0.940669353175418,FALSE
"2355",2355,"Region.10",51,15.5814041801052,0.323093375552346,-0.946367090866008,FALSE
"2356",2356,"Region.10",69,17.0132728587611,0.306766566401504,-0.951784783308827,FALSE
"2357",2357,"Region.10",58,17.6087265745743,0.290348980088272,-0.956920827321519,FALSE
"2358",2358,"Region.10",28,17.9056783382051,0.273845474840558,-0.961773703066033,FALSE
"2359",2359,"Region.10",0,18.3331143457086,0.257260934311089,-0.966341974498358,FALSE
"2360",2360,"Region.10",24,16.8450895377498,0.240600266132228,-0.970624289793482,FALSE
"2361",2361,"Region.10",6,16.6540545301237,0.223868400463731,-0.974619381745413,FALSE
"2362",2362,"Region.10",103,17.9492153599703,0.207070288533841,-0.978326068142167,FALSE
"2363",2363,"Region.10",239,18.9378331717255,0.19021090117414,-0.981743252115604,FALSE
"2364",2364,"Region.10",247,20.2025491824664,0.173295227348576,-0.98486992246601,FALSE
"2365",2365,"Region.10",256,20.653886162603,0.156328272677187,-0.987705153961326,FALSE
"2366",2366,"Region.10",125,19.4306431816333,0.139315057954833,-0.990248107610937,FALSE
"2367",2367,"Region.10",54,19.420030502622,0.122260617665466,-0.992498030913945,FALSE
"2368",2368,"Region.10",161,22.3540113408588,0.105169998492348,-0.994454258081848,FALSE
"2369",2369,"Region.10",77,22.4954202104701,0.0880482578246605,-0.996116210235554,FALSE
"2370",2370,"Region.10",20,20.9305370138148,0.0709004622609153,-0.997483395576683,FALSE
"2371",2371,"Region.10",32,20.0073024433989,0.0537316861097084,-0.998555409533095,FALSE
"2372",2372,"Region.10",93,20.5166906536329,0.0365470098881219,-0.999331934878616,FALSE
"2373",2373,"Region.10",82,20.483002269876,0.0193515188183246,-0.9998127418269,FALSE
"2374",2374,"Region.10",55,19.4994415580037,0.00215030132277307,-0.999997688099438,FALSE
"2375",2375,"Region.10",59,19.0936275662204,-0.0150515524815349,-0.999886718967652,FALSE
"2376",2376,"Region.10",97,17.2776728445615,-0.0322489522893004,-0.999479867269092,FALSE
"2377",2377,"Region.10",219,16.0629010321067,-0.0494368091132547,-0.998777253397723,FALSE
"2378",2378,"Region.10",523,17.1466383811637,-0.0666100367900307,-0.997779085268293,FALSE
"2379",2379,"Region.10",696,17.1549298365561,-0.0837635534852681,-0.996485658254809,FALSE
"2380",2380,"Region.10",771,16.2006998047687,-0.100892283197403,-0.994897355103136,FALSE
"2381",2381,"Region.10",847,17.4177139500853,-0.117991157259739,-0.993014645817728,FALSE
"2382",2382,"Region.10",1337,17.2288790209105,-0.13505511584034,-0.990838087522554,FALSE
"2383",2383,"Region.10",894,19.4781764267892,-0.152079109439343,-0.988368324296229,FALSE
"2384",2384,"Region.10",577,19.9556117644838,-0.169058100383145,-0.985606086981428,FALSE
"2385",2385,"Region.10",440,19.7969479320473,-0.185987064315161,-0.982552192968612,FALSE
"2386",2386,"Region.10",671,18.4873375989528,-0.202860991682601,-0.979207545954151,FALSE
"2387",2387,"Region.10",473,17.1014541064149,-0.219674889218883,-0.975573135672909,FALSE
"2388",2388,"Region.10",342,16.6786836438466,-0.236423781421209,-0.971650037605359,FALSE
"2389",2389,"Region.10",442,17.1429813399979,-0.253102712022927,-0.967439412659335,FALSE
"2390",2390,"Region.10",230,17.1377167703631,-0.269706745460126,-0.962942506826502,FALSE
"2391",2391,"Region.10",348,18.80991382714,-0.286230968332179,-0.958160650813643,FALSE
"2392",2392,"Region.10",348,20.9061865632567,-0.302670490855689,-0.953095259648885,FALSE
"2393",2393,"Region.10",577,22.9638460267746,-0.319020448311455,-0.94774783226297,FALSE
"2394",2394,"Region.10",362,23.8835265512355,-0.335276002484013,-0.942119951045693,FALSE
"2395",2395,"Region.10",239,22.8750310351113,-0.351432343093371,-0.936213281377648,FALSE
"2396",2396,"Region.10",206,23.6871305024631,-0.367484689218405,-0.930029571137419,FALSE
"2397",2397,"Region.10",207,24.260505375533,-0.383428290711639,-0.923570650184354,FALSE
"2398",2398,"Region.10",107,21.3210254432865,-0.399258429604883,-0.916838429817077,FALSE
"2399",2399,"Region.10",59,17.8899670272969,-0.414970421505357,-0.909834902207904,FALSE
"2400",2400,"Region.10",85,15.46373507272,-0.430559616981869,-0.902562139813335,FALSE
"2401",2401,"Region.10",82,15.8212248424759,-0.446021402940684,-0.895022294760764,FALSE
"2402",2402,"Region.10",25,15.0045792768562,-0.461351203990575,-0.887217598211649,FALSE
"2403",2403,"Region.10",19,15.0718743338177,-0.476544483796777,-0.879150359701265,FALSE
"2404",2404,"Region.10",111,17.1273434196746,-0.491596746423361,-0.870822966455275,FALSE
"2405",2405,"Region.10",388,16.7955543653764,-0.506503537663647,-0.862237882683318,FALSE
"2406",2406,"Region.10",448,16.4792920715444,-0.521260446358274,-0.853397648849804,FALSE
"2407",2407,"Region.10",295,18.0589655537398,-0.535863105700555,-0.844304880922144,FALSE
"2408",2408,"Region.10",224,21.2821224513295,-0.550307194528651,-0.83496226959666,FALSE
"2409",2409,"Region.10",158,23.4603548150013,-0.564588438604295,-0.825372579502351,FALSE
"2410",2410,"Region.10",98,22.137073708644,-0.578702611877601,-0.815538648382799,FALSE
"2411",2411,"Region.10",117,20.7508962271022,-0.592645537737623,-0.805463386256436,FALSE
"2412",2412,"Region.10",201,18.4662284671313,-0.606413090248272,-0.795149774555424,FALSE
"2413",2413,"Region.10",104,16.6946478544791,-0.620001195369275,-0.784600865243386,FALSE
"2414",2414,"Region.10",152,15.8542115641493,-0.633405832161707,-0.77381977991231,FALSE
"2415",2415,"Region.10",138,15.7892308158856,-0.646623033977883,-0.762809708858794,FALSE
"2416",2416,"Region.10",55,15.9326725373466,-0.659648889635141,-0.751573910139998,FALSE
"2417",2417,"Region.10",19,15.9271684902669,-0.672479544573225,-0.740115708609531,FALSE
"2418",2418,"Region.10",45,16.0913772142971,-0.685111201994909,-0.728438494933574,FALSE
"2419",2419,"Region.10",13,16.8793678630956,-0.69754012398955,-0.716545724587513,FALSE
"2420",2420,"Region.10",20,16.528507704953,-0.70976263263916,-0.704440916833434,FALSE
"2421",2421,"Region.10",56,17.2748419107117,-0.721775111106789,-0.6921276536787,FALSE
"2422",2422,"Region.10",49,18.9009190485137,-0.733574004706797,-0.679609578815979,FALSE
"2423",2423,"Region.10",31,15.171133589982,-0.745155821956741,-0.66689039654502,FALSE
"2424",2424,"Region.10",39,14.7896524580873,-0.756517135610559,-0.653973870676493,FALSE
"2425",2425,"Region.10",33,14.1974530799715,-0.767654583672765,-0.6408638234182,FALSE
"2426",2426,"Region.10",33,13.8062706624729,-0.778564870393287,-0.62756413424405,FALSE
"2427",2427,"Region.10",27,12.4428746242505,-0.789244767242755,-0.614078738746042,FALSE
"2428",2428,"Region.10",14,11.6505938281695,-0.799691113867869,-0.600411627469661,FALSE
"2429",2429,"Region.10",21,13.1758530403164,-0.809900819026596,-0.586566844733018,FALSE
"2430",2430,"Region.10",19,15.1003820301852,-0.819870861502922,-0.572548487430065,FALSE
"2431",2431,"Region.10",7,15.2600386292789,-0.829598291000872,-0.558360703818269,FALSE
"2432",2432,"Region.10",14,14.6648732337974,-0.839080229017566,-0.544007692291046,FALSE
"2433",2433,"Region.10",92,14.9838639089287,-0.84831386969499,-0.529493700135433,FALSE
"2434",2434,"Region.10",150,15.4471672373987,-0.857296480650314,-0.514823022275215,FALSE
"2435",2435,"Region.10",408,15.8354078809465,-0.866025403784439,-0.499999999999999,FALSE
"2436",2436,"Region.10",147,15.5206645241293,-0.874498056068575,-0.485029019680558,FALSE
"2437",2437,"Region.10",19,15.074918517345,-0.882711930308597,-0.469914511470832,FALSE
"2438",2438,"Region.10",31,15.618699143587,-0.890664595886974,-0.454660947996958,FALSE
"2439",2439,"Region.10",89,16.8762411488178,-0.898353699482013,-0.439272843033781,FALSE
"2440",2440,"Region.10",264,17.8390310450468,-0.905776965764254,-0.42375475016913,FALSE
"2441",2441,"Region.10",164,17.2497835239647,-0.912932198069775,-0.408111261456345,FALSE
"2442",2442,"Region.10",113,15.5421474948098,-0.91981727905022,-0.392347006055417,FALSE
"2443",2443,"Region.10",48,14.6870776509102,-0.926430171299355,-0.376466648863147,FALSE
"2444",2444,"Region.10",47,15.1484899149386,-0.932768917955977,-0.360474889132705,FALSE
"2445",2445,"Region.10",25,14.1578052002378,-0.938831643282967,-0.344376459083087,FALSE
"2446",2446,"Region.10",7,12.3938440094524,-0.94461655322236,-0.32817612249874,FALSE
"2447",2447,"Region.10",6,11.8341162710122,-0.950121935926236,-0.311878673319901,FALSE
"2448",2448,"Region.10",0,12.5533287385524,-0.955346162263279,-0.295488934223981,FALSE
"2449",2449,"Region.10",7,12.6142141064071,-0.960287686300865,-0.27901175519847,FALSE
"2450",2450,"Region.10",0,11.7919911525165,-0.964945045762533,-0.262452012105723,FALSE
"2451",2451,"Region.10",18,11.841237106291,-0.969316862460687,-0.245814605240146,FALSE
"2452",2452,"Region.10",0,10.5145456234004,-0.973401842704431,-0.229104457878102,FALSE
"2453",2453,"Region.10",13,10.694811045534,-0.977198777682388,-0.212326514821036,FALSE
"2454",2454,"Region.10",13,11.0155678455063,-0.980706543820412,-0.195485740932229,FALSE
"2455",2455,"Region.10",13,10.2220400862897,-0.983924103114067,-0.178587119667624,FALSE
"2456",2456,"Region.10",28,9.72656814075268,-0.986850503435796,-0.161635651601112,FALSE
"2457",2457,"Region.10",14,9.82932149108301,-0.98948487881666,-0.144636352944823,FALSE
"2458",2458,"Region.10",18,10.0098757033253,-0.991826449702601,-0.127594254064723,FALSE
"2459",2459,"Region.10",56,10.1432732642484,-0.993874523185122,-0.110514397992051,FALSE
"2460",2460,"Region.10",19,9.02599231417806,-0.99562849320633,-0.0934018389310075,FALSE
"2461",2461,"Region.10",13,8.22945349259316,-0.997087840738274,-0.0762616407631403,FALSE
"2462",2462,"Region.10",0,9.58528859124517,-0.998252133936544,-0.0590988755488323,FALSE
"2463",2463,"Region.10",21,10.5388491913232,-0.999121028268049,-0.04191862202644,FALSE
"2464",2464,"Region.10",7,10.0475719670539,-0.999694266612979,-0.0247259641093843,FALSE
"2465",2465,"Region.10",6,10.1419156612279,-0.999971679340883,-0.00752598938174616,FALSE
"2466",2466,"Region.10",0,10.2845266191607,-0.999953184360873,0.0096762124072316,FALSE
"2467",2467,"Region.10",33,8.45020683433733,-0.999638787145911,0.0268755508492757,FALSE
"2468",2468,"Region.10",13,8.81830330164748,-0.999028580731191,0.0440669363834445,FALSE
"2469",2469,"Region.10",0,9.78216395070083,-0.998122745686608,0.0612452818021687,FALSE
"2470",2470,"Region.10",14,8.84301720636782,-0.996921550063325,0.0784055037566657,FALSE
"2471",2471,"Region.10",7,9.8875456086812,-0.995425349314454,0.0955425242611779,FALSE
"2472",2472,"Region.10",6,8.10318215976923,-0.993634586189866,0.11265127219563,FALSE
"2473",2473,"Region.10",19,6.59072625252117,-0.991549790605182,0.129726684806247,FALSE
"2474",2474,"Region.10",7,5.39350880126414,-0.989171579484955,0.146763709203736,FALSE
"2475",2475,"Region.10",13,5.01636749455679,-0.986500656580118,0.16375730385847,FALSE
"2476",2476,"Region.10",13,6.02514466764794,-0.98353781225973,0.180702440092391,FALSE
"2477",2477,"Region.10",0,6.86992074899202,-0.980283923277092,0.197594103567066,FALSE
"2478",2478,"Region.10",14,6.75541587322149,-0.976739952510305,0.214427295767512,FALSE
"2479",2479,"Region.10",0,5.45106511095978,-0.972906948677336,0.23119703548133,FALSE
"2480",2480,"Region.10",13,4.24556346135997,-0.968786046025685,0.247898360272753,FALSE
"2481",2481,"Region.10",7,3.14419534236124,-0.964378463996746,0.26452632795107,FALSE
"2482",2482,"Region.10",7,0.811630013845585,-0.959685506864953,0.281076018033128,FALSE
"2483",2483,"Region.10",7,-0.685064006148769,-0.954708563351823,0.297542533199371,FALSE
"2484",2484,"Region.10",14,0.171187924914137,-0.949449106215013,0.313921000743041,FALSE
"2485",2485,"Region.10",21,3.52285737227221,-0.943908691812508,0.330206574012088,FALSE
"2486",2486,"Region.10",6,6.1321576158359,-0.938088959642066,0.346394433843365,FALSE
"2487",2487,"Region.10",13,4.31210569185368,-0.931991631856065,0.362479789988724,FALSE
"2488",2488,"Region.10",0,2.22518767621838,-0.925618512751893,0.378457882532487,FALSE
"2489",2489,"Region.10",7,0.00425075327822078,-0.918971488238028,0.394323983300006,FALSE
"2490",2490,"Region.10",7,-0.901187682345481,-0.912052525275964,0.410073397256804,FALSE
"2491",2491,"Region.10",22,-0.870277919768222,-0.904863671298157,0.425701463897907,FALSE
"2492",2492,"Region.10",22,-1.90157021051225,-0.897407053602159,0.441203558626959,FALSE
"2493",2493,"Region.10",0,-1.50182321551869,-0.889684878721106,0.456575094124736,FALSE
"2494",2494,"Region.10",0,-1.70732300181888,-0.881699431770786,0.471811521706575,FALSE
"2495",2495,"Region.10",7,-2.93155945227385,-0.873453075773425,0.486908332668423,FALSE
"2496",2496,"Region.10",0,-3.44043118003019,-0.864948250958434,0.501861059621033,FALSE
"2497",2497,"Region.10",7,-1.98132424979329,-0.856187474040305,0.516665277811933,FALSE
"2498",2498,"Region.10",0,-1.91717963129071,-0.847173337473879,0.531316606434778,FALSE
"2499",2499,"Region.10",0,-1.87225389072755,-0.837908508687183,0.545810709925722,FALSE
"2500",2500,"Region.10",13,-1.77652048287239,-0.828395729292115,0.560143299246349,FALSE
"2501",2501,"Region.10",14,-0.871158655821697,-0.818637814273143,0.57431013315289,FALSE
"2502",2502,"Region.10",7,0.00716882955792948,-0.808637651154312,0.58830701945127,FALSE
"2503",2503,"Region.10",7,0.44405539559511,-0.798398199144776,0.602129816237644,FALSE
"2504",2504,"Region.10",0,-1.5135012997398,-0.787922488263125,0.615774433124051,FALSE
"2505",2505,"Region.10",7,-4.02321659692462,-0.777213618440739,0.629236832448843,FALSE
"2506",2506,"Region.10",0,-5.14008921157159,-0.766274758604491,0.642513030471467,FALSE
"2507",2507,"Region.10",13,-5.80947466139058,-0.755109145738997,0.655599098551334,FALSE
"2508",2508,"Region.10",0,-6.64946823031156,-0.743720083928741,0.668491164310364,FALSE
"2509",2509,"Region.10",20,-7.83456292236049,-0.732110943380345,0.681185412778886,FALSE
"2510",2510,"Region.10",6,-7.02254765407095,-0.720285159425274,0.693678087524543,FALSE
"2511",2511,"Region.10",0,-7.05555564582073,-0.708246231503251,0.705965491763898,FALSE
"2512",2512,"Region.10",0,-7.7446589725276,-0.695997722126741,0.718043989456348,FALSE
"2513",2513,"Region.10",0,-8.44156697718355,-0.683543255826726,0.729910006380101,FALSE
"2514",2514,"Region.10",0,-11.2795162628434,-0.670886518080158,0.741560031189843,FALSE
"2515",2515,"Region.10",0,-10.347602908545,-0.658031254219365,0.752990616455803,FALSE
"2516",2516,"Region.10",0,-5.90002078333967,-0.644981268323748,0.764198379683894,FALSE
"2517",2517,"Region.10",13,-4.26656436018689,-0.631740422094078,0.775180004316672,FALSE
"2518",2518,"Region.10",13,-4.45468433912801,-0.618312633709785,0.785932240714726,FALSE
"2519",2519,"Region.10",21,-5.37458031512555,-0.604701876669483,0.796451907118318,FALSE
"2520",2520,"Region.10",0,-3.99651259090452,-0.590912178615157,0.806735890588915,FALSE
"2521",2521,"Region.10",19,-3.66464112922599,-0.576947620140315,0.816781147930354,FALSE
"2522",2522,"Region.10",26,-7.2986397099001,-0.562812333582486,0.826584706589371,FALSE
"2523",2523,"Region.10",0,-12.3594628410449,-0.548510501800364,0.836143665535244,FALSE
"2524",2524,"Region.10",16,-14.1869645663129,-0.534046356936073,0.845455196118226,FALSE
"2525",2525,"Region.10",0,-12.8894950175977,-0.519424179162786,0.854516542906611,FALSE
"2526",2526,"Region.10",7,-13.2409797163627,-0.504648295418153,0.863325024502101,FALSE
"2527",2527,"Region.10",0,-12.6745741113548,-0.489723078123895,0.871878034333276,FALSE
"2528",2528,"Region.10",18,-12.4218216729131,-0.47465294389194,0.88017304142692,FALSE
"2529",2529,"Region.10",19,-7.50397091655264,-0.459442352217449,0.888207591156987,FALSE
"2530",2530,"Region.10",20,-3.82528359213678,-0.444095804159221,0.895979305970944,FALSE
"2531",2531,"Region.10",6,-3.29093937255835,-0.428617841007727,0.903485886093344,FALSE
"2532",2532,"Region.10",0,-4.11144938679688,-0.413013042941282,0.910725110206358,FALSE
"2533",2533,"Region.10",7,-4.45113793066897,-0.397286027670689,0.917694836107104,FALSE
"2534",2534,"Region.10",0,-2.81939767691708,-0.38144144907279,0.924393001341556,FALSE
"2535",2535,"Region.10",0,0.41459057721246,-0.365483995813315,0.930817623814855,FALSE
"2536",2536,"Region.10",0,0.763872023855958,-0.3494183899594,0.936966802377854,FALSE
"2537",2537,"Region.10",0,0.423750036327024,-0.333249385582295,0.942838717389683,FALSE
"2538",2538,"Region.10",0,-1.7597514509586,-0.316981767350529,0.94843163125622,FALSE
"2539",2539,"Region.10",0,-3.53033840420134,-0.300620349114057,0.953743888944271,FALSE
"2540",2540,"Region.10",20,-8.57443220346729,-0.284169972479767,0.95877391847132,FALSE
"2541",2541,"Region.10",13,-11.3556981840417,-0.267635505378771,0.963520231370701,FALSE
"2542",2542,"Region.10",0,-8.38365904928061,-0.251021840625885,0.967981423132073,FALSE
"2543",2543,"Region.10",0,-6.88848742362803,-0.234333894471806,0.972156173617015,FALSE
"2544",2544,"Region.10",6,-6.30816481887366,-0.217576605148282,0.976043247449696,FALSE
"2545",2545,"Region.10",6,-8.39469841997511,-0.200754931406824,0.97964149438243,FALSE
"2546",2546,"Region.10",18,-9.19013809874014,-0.183873851051326,0.982949849636061,FALSE
"2547",2547,"Region.10",19,-8.14123481559816,-0.166938359465063,0.98596733421504,FALSE
"2548",2548,"Region.10",6,-5.69405070586281,-0.149953468132448,0.988693055197138,FALSE
"2549",2549,"Region.10",6,-5.98310076859659,-0.132924203156093,0.991126205997661,FALSE
"2550",2550,"Region.10",0,-7.57208674687139,-0.11585560376948,0.993266066608142,FALSE
"2551",2551,"Region.10",14,-8.14962305730066,-0.0987527208457731,0.995112003809399,FALSE
"2552",2552,"Region.10",5,-8.29114962917878,-0.0816206154031898,0.996663471358916,FALSE
"2553",2553,"Region.10",0,-9.17958724403601,-0.0644643571073664,0.997920010152484,FALSE
"2554",2554,"Region.10",6,-10.7527043113446,-0.0472890227711361,0.99888124836006,FALSE
"2555",2555,"Region.10",12,-11.9864021856645,-0.0300996948522606,0.999546901535791,FALSE
"2556",2556,"Region.10",6,-11.1905605482884,-0.0129014599494207,0.999916772702195,FALSE
"2557",2557,"Region.10",0,-11.6551388508046,0.00430059270298268,0.999990752408443,FALSE
"2558",2558,"Region.10",6,-13.1236022861803,0.0215013727408154,0.999768818762748,FALSE
"2559",2559,"Region.10",6,-14.082610158883,0.0386957901765232,0.999251037438848,FALSE
"2560",2560,"Region.10",12,-14.0979832314259,0.0558787569053694,0.998437561656567,FALSE
"2561",2561,"Region.10",18,-12.2571411744943,0.0730451882110446,0.997328632136475,FALSE
"2562",2562,"Region.10",19,-10.5583957355453,0.0901900042703441,0.99592457702866,FALSE
"2563",2563,"Region.10",0,-6.85934383009791,0.107308131656362,0.994225811815616,FALSE
"2564",2564,"Region.10",6,-5.69269033536185,0.124394504839802,0.992232839189301,FALSE
"2565",2565,"Region.10",0,-6.32857408552378,0.141444067687937,0.989946248902379,FALSE
"2566",2566,"Region.10",6,-4.92646796961667,0.158451774960834,0.987366717593702,FALSE
"2567",2567,"Region.10",0,-2.79340642931656,0.175412593804276,0.984495008588086,FALSE
"2568",2568,"Region.10",0,-0.698418465379766,0.192321505239094,0.981331971670428,FALSE
"2569",2569,"Region.10",7,1.27463725730291,0.209173505646356,0.977878542834239,FALSE
"2570",2570,"Region.10",0,1.45762837839876,0.22596360824802,0.974135744004672,FALSE
"2571",2571,"Region.10",0,-2.60264165205339,0.242686844582591,0.970104682736119,FALSE
"2572",2572,"Region.10",13,-6.36877424902872,0.259338265975401,0.965786551884459,FALSE
"2573",2573,"Region.10",0,-8.69694688863355,0.275912945002958,0.961182629254084,FALSE
"2574",2574,"Region.10",13,-5.59026307133245,0.292405976951075,0.956294277219773,FALSE
"2575",2575,"Region.10",0,-2.76710948267148,0.308812481266254,0.951122942323536,FALSE
"2576",2576,"Region.10",0,-1.42330652246787,0.32512760299991,0.945670154846569,FALSE
"2577",2577,"Region.10",0,-1.77794700221532,0.341346514245032,0.939937528356415,FALSE
"2578",2578,"Region.10",0,-2.00160017911253,0.357464415564858,0.933926759229478,FALSE
"2579",2579,"Region.10",13,-1.76634412757914,0.373476537413069,0.927639626149047,FALSE
"2580",2580,"Region.10",6,0.192602965173611,0.3893781415452,0.921077989578953,FALSE
"2581",2581,"Region.10",0,2.85343318178751,0.405164522420755,0.914243791213023,FALSE
"2582",2582,"Region.10",20,-1.74940099968553,0.420831008595656,0.907139053400504,FALSE
"2583",2583,"Region.10",7,-3.73238272193129,0.436372964104587,0.899765878547623,FALSE
"2584",2584,"Region.10",0,-4.36003221388499,0.451785789832881,0.892126448495436,FALSE
"2585",2585,"Region.10",6,-10.0335163493073,0.467064924877428,0.884223023874205,FALSE
"2586",2586,"Region.10",18,-16.4236259663366,0.482205847896352,0.876057943434429,FALSE
"2587",2587,"Region.10",12,-17.9030574031587,0.497204078446937,0.867633623354773,FALSE
"2588",2588,"Region.10",6,-14.8024918227755,0.512055178311465,0.858952556527084,FALSE
"2589",2589,"Region.10",13,-10.5491956442373,0.526754752810556,0.850017311818701,FALSE
"2590",2590,"Region.10",6,-7.81470950569623,0.541298452103614,0.840830533312291,FALSE
"2591",2591,"Region.10",6,-6.77206484454981,0.555681972476047,0.831394939523407,FALSE
"2592",2592,"Region.10",0,-5.98139119942796,0.56990105761276,0.821713322596061,FALSE
"2593",2593,"Region.10",12,-6.30254075430063,0.5839514998577,0.811788547476461,FALSE
"2594",2594,"Region.10",18,-9.43727557006716,0.597829141458955,0.801623551065242,FALSE
"2595",2595,"Region.10",6,-10.2355706152822,0.611529875799107,0.79122134134838,FALSE
"2596",2596,"Region.10",13,-10.8501452709897,0.625049648610434,0.780584996507089,FALSE
"2597",2597,"Region.10",13,-8.01479104804572,0.638384459174661,0.769717664006923,FALSE
"2598",2598,"Region.10",6,-6.98968025710431,0.651530361506801,0.758622559666411,FALSE
"2599",2599,"Region.10",6,-6.96133932307717,0.664483465522854,0.74730296670543,FALSE
"2600",2600,"Region.10",12,-7.32595647374534,0.677239938190949,0.735762234773653,FALSE
"2601",2601,"Region.10",6,-9.8543546478926,0.68979600466559,0.724003778959329,FALSE
"2602",2602,"Region.10",7,-10.7360377138653,0.702147949404695,0.712031078778716,FALSE
"2603",2603,"Region.10",6,-9.74868099306698,0.714292117269101,0.699847677146409,FALSE
"2604",2604,"Region.10",12,-9.05055542048321,0.726224914604153,0.687457179326968,FALSE
"2605",2605,"Region.10",11,-8.16655098328817,0.737942810303138,0.674863251868041,FALSE
"2606",2606,"Region.10",6,-6.03027777819154,0.749442336852196,0.662069621515381,FALSE
"2607",2607,"Region.10",17,-5.48978386634276,0.760720091356411,0.649080074110039,FALSE
"2608",2608,"Region.10",18,-5.91359450602548,0.771772736546781,0.635898453468078,FALSE
"2609",2609,"Region.10",0,-6.42889031553665,0.782597001767781,0.622528660243109,FALSE
"2610",2610,"Region.10",6,-5.82470140159823,0.793189683945183,0.60897465077205,FALSE
"2611",2611,"Region.10",19,-5.71306681388672,0.803547648533911,0.595240435904368,FALSE
"2612",2612,"Region.10",6,-6.10791317287632,0.813667830445599,0.581330079815204,FALSE
"2613",2613,"Region.10",0,-6.66768501495371,0.823547234955602,0.567247698802722,FALSE
"2614",2614,"Region.10",12,-6.55189069742803,0.833182938589176,0.552997460070031,FALSE
"2615",2615,"Region.10",0,-5.62176063112488,0.842572089986601,0.538583580492026,FALSE
"2616",2616,"Region.10",6,-3.13366521447288,0.851711910746918,0.524010325367577,FALSE
"2617",2617,"Region.10",0,-2.51956801571785,0.860599696250118,0.509282007157337,FALSE
"2618",2618,"Region.10",7,-0.462532150695276,0.869232816457479,0.494402984207618,FALSE
"2619",2619,"Region.10",0,0.311221579973941,0.87760871668984,0.479377659460694,FALSE
"2620",2620,"Region.10",12,0.177132828226887,0.885724918383562,0.464210479151896,FALSE
"2621",2621,"Region.10",13,0.558652936661271,0.893579019823994,0.448905931493883,FALSE
"2622",2622,"Region.10",0,0.0817718239358678,0.901168696856156,0.433468545348539,FALSE
"2623",2623,"Region.10",19,-1.65488842972771,0.908491703572508,0.417902888886788,FALSE
"2624",2624,"Region.10",0,-2.28080890220216,0.915545872977547,0.402213568236804,FALSE
"2625",2625,"Region.10",7,-1.53683621455077,0.922329117629055,0.386405226120985,FALSE
"2626",2626,"Region.10",6,-1.61808584920183,0.928839430255805,0.370482540482101,FALSE
"2627",2627,"Region.10",6,-3.21182334903229,0.935074884351556,0.35445022309899,FALSE
"2628",2628,"Region.10",6,-5.68228089829641,0.941033634745119,0.338313018192309,FALSE
"2629",2629,"Region.10",12,-6.03864304892322,0.946713918146386,0.322075701020612,FALSE
"2630",2630,"Region.10",0,-5.90710832027217,0.95211405366811,0.305743076467283,FALSE
"2631",2631,"Region.10",7,-6.79949536355461,0.957232443323312,0.289319977618695,FALSE
"2632",2632,"Region.10",13,-7.77476129919009,0.962067572498144,0.272811264334024,FALSE
"2633",2633,"Region.10",18,-8.55300709544127,0.966618010400096,0.25622182180712,FALSE
"2634",2634,"Region.10",0,-8.66661064091769,0.970882410481383,0.23955655912093,FALSE
"2635",2635,"Region.10",0,-6.49260093570047,0.974859510837412,0.222820407794802,FALSE
"2636",2636,"Region.10",6,-3.71744911861361,0.978548134580203,0.206018320325171,FALSE
"2637",2637,"Region.10",13,-2.88787813701202,0.981947190186646,0.18915526872004,FALSE
"2638",2638,"Region.10",0,-2.22106873821896,0.9850556718215,0.172236243027687,FALSE
"2639",2639,"Region.10",0,-2.29874364150238,0.987872659635042,0.155266249859999,FALSE
"2640",2640,"Region.10",23,-2.28913136480064,0.990397320035255,0.138250310910985,FALSE
"2641",2641,"Region.10",36,-1.15350237776442,0.992628905934509,0.121193461470738,FALSE
"2642",2642,"Region.10",27,-0.678130233442998,0.994566756970634,0.104100748935427,FALSE
"2643",2643,"Region.10",6,-1.56600218406438,0.99621029970233,0.0869772313136854,FALSE
"2644",2644,"Region.10",6,-4.15571194963979,0.997559047778861,0.0698279757298693,FALSE
"2645",2645,"Region.10",20,-2.03857095335114,0.998612602083973,0.0526580569246177,FALSE
"2646",2646,"Region.10",13,0.500471252901076,0.999370650853997,0.0354725557531284,FALSE
"2647",2647,"Region.10",6,1.63559638079096,0.999832969770105,0.0182765576816932,FALSE
"2648",2648,"Region.10",13,1.12936569918461,0.999999422024692,0.00107515128279841,FALSE
"2649",2649,"Region.10",0,1.505539851041,0.999869958361859,-0.0161265732706585,FALSE
"2650",2650,"Region.10",6,1.54883680792079,0.999444617091986,-0.0333235257116329,FALSE
"2651",2651,"Region.10",0,2.55645533166436,0.998723524080398,-0.0505106171852183,FALSE
"2652",2652,"Region.10",20,4.12538635402141,0.997706892710117,-0.0676827617545479,FALSE
"2653",2653,"Region.10",0,1.14503621706008,0.996395023818723,-0.0848348779057634,FALSE
"2654",2654,"Region.10",6,-2.48919927994655,0.994788305609327,-0.101961890051745,FALSE
"2655",2655,"Region.10",0,-2.52388460868251,0.992887213535696,-0.119058730034051,FALSE
"2656",2656,"Region.10",6,-1.15925291984443,0.990692310161561,-0.136120338622669,FALSE
"2657",2657,"Region.10",13,0.770346243089055,0.988204244994143,-0.153141667013115,FALSE
"2658",2658,"Region.10",6,-0.279491679145793,0.985423754291953,-0.170117678320488,FALSE
"2659",2659,"Region.10",7,2.15098186163695,0.982351660846924,-0.187043349069915,FALSE
"2660",2660,"Region.10",7,4.12658323084144,0.978988873740932,-0.203913670683114,FALSE
"2661",2661,"Region.10",18,3.49824553386711,0.975336388076784,-0.220723650960502,FALSE
"2662",2662,"Region.10",31,4.62205615282449,0.97139528468375,-0.237468315558469,FALSE
"2663",2663,"Region.10",50,5.44337067961624,0.967166729797732,-0.254142709461358,FALSE
"2664",2664,"Region.10",13,5.35275846962394,0.96265197471615,-0.270741898447761,FALSE
"2665",2665,"Region.10",31,3.92158387035799,0.957852355427667,-0.287260970550594,FALSE
"2666",2666,"Region.10",20,3.02595794461969,0.952769292216851,-0.303695037510658,FALSE
"2667",2667,"Region.10",0,3.90715291794324,0.947404289243885,-0.320039236223138,FALSE
"2668",2668,"Region.10",6,4.79220562347337,0.941758934099461,-0.336288730176684,FALSE
"2669",2669,"Region.10",6,4.42905876182096,0.935834897334996,-0.352438710884599,FALSE
"2670",2670,"Region.10",25,4.1411790864032,0.929633931968271,-0.368484399307776,FALSE
"2671",2671,"Region.10",31,4.69531676557435,0.923157872964705,-0.384421047268854,FALSE
"2672",2672,"Region.10",19,5.20405221147944,0.916408636694346,-0.400243938857305,FALSE
"2673",2673,"Region.10",39,6.74482448811559,0.909388220364793,-0.415948391824942,FALSE
"2674",2674,"Region.10",40,6.25455244690136,0.902098701430183,-0.431529758971472,FALSE
"2675",2675,"Region.10",0,5.06244710930477,0.894542236976452,-0.44698342951967,FALSE
"2676",2676,"Region.10",6,4.31649600207979,0.886721063082995,-0.462304830479808,FALSE
"2677",2677,"Region.10",19,5.78691956881573,0.878637494161001,-0.477489428002837,FALSE
"2678",2678,"Region.10",31,7.65406546545319,0.870293922268568,-0.492532728722053,FALSE
"2679",2679,"Region.10",31,7.03778296813176,0.861692816402852,-0.507430281082752,FALSE
"2680",2680,"Region.10",7,5.21321956357341,0.852836721769459,-0.522177676659509,FALSE
"2681",2681,"Region.10",13,6.78555787402376,0.843728259029274,-0.536770551460706,FALSE
"2682",2682,"Region.10",18,6.98381791819404,0.834370123522956,-0.551204587219925,FALSE
"2683",2683,"Region.10",48,7.57252591200932,0.824765084473363,-0.565475512673755,FALSE
"2684",2684,"Region.10",12,8.22798426662107,0.81491598416608,-0.57957910482576,FALSE
"2685",2685,"Region.10",43,9.27272407087566,0.804825737108345,-0.593511190196115,FALSE
"2686",2686,"Region.10",43,11.0081226645938,0.794497329166599,-0.607267646056614,FALSE
"2687",2687,"Region.10",33,10.4143988394191,0.783933816682924,-0.620844401650643,FALSE
"2688",2688,"Region.10",21,9.95681197913341,0.773138325570605,-0.634237439397803,FALSE
"2689",2689,"Region.10",11,7.55594099865714,0.762114050389151,-0.647442796082745,FALSE
"2690",2690,"Region.10",18,7.07064047865578,0.75086425339895,-0.660456564027974,FALSE
"2691",2691,"Region.10",19,8.49064551055198,0.739392263595924,-0.673274892250183,FALSE
"2692",2692,"Region.10",13,9.18384964177573,0.727701475726423,-0.685893987599823,FALSE
"2693",2693,"Region.10",0,9.83392061382714,0.715795349282668,-0.698310115883555,FALSE
"2694",2694,"Region.10",13,9.5948680061729,0.703677407479016,-0.710519602969272,FALSE
"2695",2695,"Region.10",7,8.52175667695236,0.69135123620941,-0.722518835873309,FALSE
"2696",2696,"Region.10",0,8.40002454584138,0.678820482986237,-0.734304263829601,FALSE
"2697",2697,"Region.10",18,8.72844260533743,0.666088855860978,-0.745872399340406,FALSE
"2698",2698,"Region.10",18,9.92465219957081,0.653160122326929,-0.757219819208313,FALSE
"2699",2699,"Region.10",24,11.0592962468718,0.640038108204349,-0.768343165549221,FALSE
"2700",2700,"Region.10",25,12.4205630641036,0.626726696508333,-0.779239146785986,FALSE
"2701",2701,"Region.10",82,13.1571057545654,0.613229826299752,-0.789904538622469,FALSE
"2702",2702,"Region.10",119,13.6201581172505,0.59955149151965,-0.800336184997631,FALSE
"2703",2703,"Region.10",30,13.9779308236287,0.585695739807351,-0.810530999019482,FALSE
"2704",2704,"Region.10",84,13.4417575006491,0.571666671302705,-0.820485963878533,FALSE
"2705",2705,"Region.10",164,12.8839249667785,0.557468437432788,-0.830198133740522,FALSE
"2706",2706,"Region.10",42,10.0367744624931,0.543105239683436,-0.83966463461813,FALSE
"2707",2707,"Region.10",133,10.851962279403,0.528581328355932,-0.848882665221454,FALSE
"2708",2708,"Region.10",143,12.75739908888,0.513901001309312,-0.857849497786929,FALSE
"2709",2709,"Region.10",65,12.417701955937,0.499068602688532,-0.866562478884538,FALSE
"2710",2710,"Region.10",52,11.968154898306,0.484088521638976,-0.875019030202996,FALSE
"2711",2711,"Region.10",37,11.9664229098434,0.46896519100763,-0.883216649312713,FALSE
"2712",2712,"Region.10",43,10.9751741428691,0.453703086031348,-0.891152910406307,FALSE
"2713",2713,"Region.10",55,10.9008149900747,0.438306723012522,-0.898825465016443,FALSE
"2714",2714,"Region.10",103,11.7505712581017,0.422780657982679,-0.906232042710769,FALSE
"2715",2715,"Region.10",325,12.8593303796899,0.407129485354253,-0.913370451763785,FALSE
"2716",2716,"Region.10",696,12.455836066208,0.391357836561026,-0.920238579805407,FALSE
"2717",2717,"Region.10",748,14.9576702929427,0.375470378687619,-0.92683439444605,FALSE
"2718",2718,"Region.10",465,16.9798146303211,0.359471813088428,-0.933155943878042,FALSE
"2719",2719,"Region.10",158,17.6387339477938,0.343366873996391,-0.939201357453207,FALSE
"2720",2720,"Region.10",91,18.752363476216,0.327160327122097,-0.944968846236405,FALSE
"2721",2721,"Region.10",62,19.0334398589974,0.310856968243505,-0.950456703534915,FALSE
"2722",2722,"Region.10",97,19.9208444581894,0.294461621786801,-0.955663305403471,FALSE
"2723",2723,"Region.10",73,21.0933184851665,0.277979139398779,-0.960587111124813,FALSE
"2724",2724,"Region.10",40,21.1015870355671,0.261414398511161,-0.965226663665612,FALSE
"2725",2725,"Region.10",49,20.7508198121342,0.244772300897263,-0.96958059010763,FALSE
"2726",2726,"Region.10",99,20.4913535920535,0.228057771221523,-0.973647602053983,FALSE
"2727",2727,"Region.10",74,21.4883778129196,0.211275755582181,-0.977426496010405,FALSE
"2728",2728,"Region.10",19,20.8689559204111,0.194431220047662,-0.980916153741377,FALSE
"2729",2729,"Region.10",20,18.4269944353216,0.177529149187034,-0.984115542601034,FALSE
"2730",2730,"Region.10",13,18.0917941461334,0.160574544594999,-0.987023715838737,FALSE
"2731",2731,"Region.10",82,17.4956554644771,0.143572423411815,-0.989639812879241,FALSE
"2732",2732,"Region.10",95,17.8360377929269,0.126527816838686,-0.991963059577339,FALSE
"2733",2733,"Region.10",81,17.9277963239052,0.109445768648917,-0.993992768446958,FALSE
"2734",2734,"Region.10",68,17.5845639537404,0.0923313336953914,-0.995728338864587,FALSE
"2735",2735,"Region.10",37,17.9162391012677,0.0751895764147574,-0.997169257247018,FALSE
"2736",2736,"Region.10",105,18.7831974572483,0.0580255693287854,-0.998315097203318,FALSE
"2737",2737,"Region.10",250,19.1287443322074,0.0408443915433003,-0.999165519661011,FALSE
"2738",2738,"Region.10",305,19.9898818698506,0.0236511272452344,-0.999720272966408,FALSE
"2739",2739,"Region.10",433,21.8918463444675,0.00645086419810667,-0.999979192959082,FALSE
"2740",2740,"Region.10",225,21.859973114899,-0.0107513077635217,-0.999942203020442,FALSE
"2741",2741,"Region.10",103,21.9848185671647,-0.027950298240211,-0.999609314096404,FALSE
"2742",2742,"Region.10",104,22.2889343236506,-0.0451410177739669,-0.998980624694158,FALSE
"2743",2743,"Region.10",68,22.5012711708542,-0.0623183793543214,-0.998056320853012,FALSE
"2744",2744,"Region.10",126,21.4106147721952,-0.0794772999236186,-0.996836676089344,FALSE
"2745",2745,"Region.10",272,19.8026012466059,-0.0966127018812016,-0.99532205131566,FALSE
"2746",2746,"Region.10",307,18.2033417365339,-0.113719514585949,-0.993512894733801,FALSE
"2747",2747,"Region.10",131,15.7304170381789,-0.130792675856759,-0.991409741702304,FALSE
"2748",2748,"Region.10",95,16.6210097271635,-0.147827133470525,-0.989013214577989,FALSE
"2749",2749,"Region.10",129,19.22284452994,-0.164817846657194,-0.986324022531787,FALSE
"2750",2750,"Region.10",548,20.4882572001905,-0.181759787591373,-0.983342961338891,FALSE
"2751",2751,"Region.10",623,22.2655555609368,-0.198647942880169,-0.980070913143267,FALSE
"2752",2752,"Region.10",319,19.7928832500009,-0.21547731504673,-0.976508846196619,FALSE
"2753",2753,"Region.10",342,17.8809427527024,-0.232242924009071,-0.972657814571865,FALSE
"2754",2754,"Region.10",470,18.8005472450268,-0.248939808553769,-0.96851895785122,FALSE
"2755",2755,"Region.10",247,19.6881852652474,-0.265563027804052,-0.964093500788977,FALSE
"2756",2756,"Region.10",143,19.8761531662686,-0.282107662681917,-0.959382752949075,FALSE
"2757",2757,"Region.10",162,20.0632146918645,-0.298568817363718,-0.954388108317592,FALSE
"2758",2758,"Region.10",84,18.9120969946452,-0.314941620728951,-0.949111044890229,FALSE
"2759",2759,"Region.10",39,17.2548924260147,-0.331221227801687,-0.943553124234954,FALSE
"2760",2760,"Region.10",108,16.9757111551607,-0.347402821184279,-0.937715991029909,FALSE
"2761",2761,"Region.10",149,17.1479192017557,-0.363481612482902,-0.93160137257672,FALSE
"2762",2762,"Region.10",112,17.5530756776396,-0.379452843724541,-0.925211078289359,FALSE
"2763",2763,"Region.10",205,18.7475621056798,-0.395311788764913,-0.918546999158717,FALSE
"2764",2764,"Region.10",145,20.6364690617978,-0.411053754687035,-0.911611107193024,FALSE
"2765",2765,"Region.10",110,20.9269610071674,-0.426674083189925,-0.9044054548343,FALSE
"2766",2766,"Region.10",159,20.3594671474848,-0.442168151967073,-0.896932174351006,FALSE
"2767",2767,"Region.10",254,19.2445353976349,-0.457531376074247,-0.889193477207073,FALSE
"2768",2768,"Region.10",263,18.6279382902371,-0.472759209286275,-0.881191653407485,FALSE
"2769",2769,"Region.10",135,21.2271911544695,-0.48784714544231,-0.872929070820642,FALSE
"2770",2770,"Region.10",124,22.6375523733988,-0.502790719779303,-0.864408174477665,FALSE
"2771",2771,"Region.10",163,22.2640104685395,-0.517585510253189,-0.85563148584887,FALSE
"2772",2772,"Region.10",68,20.9161861569493,-0.532227138847441,-0.846601602097626,FALSE
"2773",2773,"Region.10",49,19.6722371379218,-0.54671127286859,-0.837321195311815,FALSE
"2774",2774,"Region.10",44,19.1372854522377,-0.561033626228365,-0.827793011713104,FALSE
"2775",2775,"Region.10",7,19.5895025058093,-0.575189960711976,-0.818019870844319,FALSE
"2776",2776,"Region.10",33,17.6636362655549,-0.589176087232295,-0.808004664735076,FALSE
"2777",2777,"Region.10",58,17.589522344471,-0.602987867069471,-0.797750357045993,FALSE
"2778",2778,"Region.10",130,17.3970251247046,-0.616621213095639,-0.787259982191691,FALSE
"2779",2779,"Region.10",481,16.8285095559276,-0.630072090984365,-0.776536644442869,FALSE
"2780",2780,"Region.10",508,17.9195278280241,-0.643336520404489,-0.765583517007677,FALSE
"2781",2781,"Region.10",664,19.3037273113426,-0.656410576197936,-0.754403841092749,FALSE
"2782",2782,"Region.10",275,18.3900140456173,-0.669290389541256,-0.74300092494405,FALSE
"2783",2783,"Region.10",113,16.3833714183648,-0.681972149090463,-0.731378142867925,FALSE
"2784",2784,"Region.10",51,14.6032578907863,-0.694452102108877,-0.719538934232583,FALSE
"2785",2785,"Region.10",61,15.6309901801123,-0.706726555577613,-0.707486802450338,FALSE
"2786",2786,"Region.10",48,16.8264693270936,-0.718791877288421,-0.695225313940875,FALSE
"2787",2787,"Region.10",54,17.0902971834419,-0.73064449691849,-0.682758097075917,FALSE
"2788",2788,"Region.10",101,15.8499033380108,-0.742280907086981,-0.670088841105512,FALSE
"2789",2789,"Region.10",58,17.1457354250427,-0.753697664392914,-0.657221295066332,FALSE
"2790",2790,"Region.10",64,17.3850177029928,-0.764891390434123,-0.644159266672268,FALSE
"2791",2791,"Region.10",387,17.8728516758844,-0.77585877280698,-0.630906621187674,FALSE
"2792",2792,"Region.10",456,18.0321376399461,-0.7865965660866,-0.617467280283555,FALSE
"2793",2793,"Region.10",326,17.0123048867519,-0.797101592787193,-0.603845220877106,FALSE
"2794",2794,"Region.10",214,17.9195779399092,-0.807370744302348,-0.590044473954864,FALSE
"2795",2795,"Region.10",219,16.6492485806307,-0.817400981824919,-0.576069123379876,FALSE
"2796",2796,"Region.10",119,15.1081361570615,-0.82718933724625,-0.561923304683219,FALSE
"2797",2797,"Region.10",149,15.3684793570903,-0.836732914034489,-0.547611203840235,FALSE
"2798",2798,"Region.10",119,14.8711442995444,-0.846028888091732,-0.533137056031813,FALSE
"2799",2799,"Region.10",55,14.0592714658784,-0.855074508589692,-0.518505144391159,FALSE
"2800",2800,"Region.10",120,15.5872127973561,-0.863867098783734,-0.503719798736335,FALSE
"2801",2801,"Region.10",103,17.0676422188509,-0.872404056804961,-0.488785394288993,FALSE
"2802",2802,"Region.10",205,17.0830077795689,-0.880682856430148,-0.473706350379679,FALSE
"2803",2803,"Region.10",117,17.484076620825,-0.888701047829292,-0.458487129140086,FALSE
"2804",2804,"Region.10",148,17.3083176179727,-0.896456258290556,-0.443132234182638,FALSE
"2805",2805,"Region.10",67,15.0076843446858,-0.9039461929224,-0.427646209267777,FALSE
"2806",2806,"Region.10",54,14.8540963252307,-0.911168635332662,-0.412033636959428,FALSE
"2807",2807,"Region.10",20,15.2947556667443,-0.918121448284436,-0.396299137268919,FALSE
"2808",2808,"Region.10",6,14.6185215199486,-0.924802574328509,-0.380447366287851,FALSE
"2809",2809,"Region.10",24,13.7655128529859,-0.931210036412195,-0.36448301481029,FALSE
"2810",2810,"Region.10",19,12.6651093613436,-0.937341938464376,-0.348410806944685,FALSE
"2811",2811,"Region.10",6,10.8717895446993,-0.943196465956586,-0.332235498715907,FALSE
"2812",2812,"Region.10",6,10.6965430355357,-0.948771886439947,-0.315961876657905,FALSE
"2813",2813,"Region.10",27,11.2434882530808,-0.954066550057838,-0.299594756397261,FALSE
"2814",2814,"Region.10",20,10.7533973578023,-0.959078890034113,-0.283138981228183,FALSE
"2815",2815,"Region.10",0,11.4065070761842,-0.963807423136731,-0.266599420679292,FALSE
"2816",2816,"Region.10",49,13.0579038556004,-0.968250750116671,-0.249980969072656,FALSE
"2817",2817,"Region.10",44,12.9670950804411,-0.972407556121996,-0.233288544075458,FALSE
"2818",2818,"Region.10",31,13.2624187193994,-0.976276611086932,-0.216527085244816,FALSE
"2819",2819,"Region.10",25,13.4558983557545,-0.979856770095866,-0.199701552566065,FALSE
"2820",2820,"Region.10",53,12.6364710902877,-0.98314697372215,-0.18281692498502,FALSE
"2821",2821,"Region.10",27,9.65524627438959,-0.986146248341595,-0.16587819893463,FALSE
"2822",2822,"Region.10",18,8.83773703753026,-0.988853706420588,-0.148890386856459,FALSE
"2823",2823,"Region.10",37,9.07037564991224,-0.991268546778725,-0.131858515717394,FALSE
"2824",2824,"Region.10",25,10.2372883508136,-0.993390054825893,-0.114787625522129,FALSE
"2825",2825,"Region.10",19,9.3860970829021,-0.995217602773729,-0.097682767821717,FALSE
"2826",2826,"Region.10",6,8.08690165941107,-0.996750649821393,-0.0805490042187416,FALSE
"2827",2827,"Region.10",20,7.82036110439172,-0.997988742315598,-0.063391404869509,FALSE
"2828",2828,"Region.10",27,7.85757529095051,-0.998931513884857,-0.046215046983713,FALSE
"2829",2829,"Region.10",6,7.2203634645875,-0.999578685547896,-0.0290250133219788,FALSE
"2830",2830,"Region.10",0,6.66442513060466,-0.999930065796206,-0.011826390691835,FALSE
"2831",2831,"Region.10",0,6.04566435197114,-0.999985550650719,0.00537573155758281,FALSE
"2832",2832,"Region.10",6,6.81497898849852,-0.999745123692573,0.0225762630415455,FALSE
"2833",2833,"Region.10",7,6.94110044152267,-0.999208856067975,0.0397701138460571,FALSE
"2834",2834,"Region.10",0,7.26956901940413,-0.998376906467142,0.0569521960340349,FALSE
"2835",2835,"Region.10",14,8.32075782498789,-0.997249521077345,0.0741174251509406,FALSE
"2836",2836,"Region.10",18,8.4472550972298,-0.99582703351006,0.0912607217293095,FALSE
"2837",2837,"Region.10",0,10.1966472228545,-0.994109864702242,0.108377012791875,FALSE
"2838",2838,"Region.10",0,11.5525256418056,-0.992098522791769,0.125461233352737,FALSE
"2839",2839,"Region.10",7,9.40444116163662,-0.989793602967072,0.142508327916172,FALSE
"2840",2840,"Region.10",13,7.40389454777822,-0.987195787291009,0.159513251972632,FALSE
"2841",2841,"Region.10",15,5.48395140769941,-0.984305844499034,0.176470973491518,FALSE
"2842",2842,"Region.10",7,7.71715515236153,-0.981124629771713,0.193376474410203,FALSE
"2843",2843,"Region.10",6,6.66934394632284,-0.977653084481664,0.210224752118982,FALSE
"2844",2844,"Region.10",13,5.54624244161295,-0.973892235914992,0.227010820941418,FALSE
"2845",2845,"Region.10",0,5.91783205154483,-0.969843196967294,0.243729713609685,FALSE
"2846",2846,"Region.10",7,5.53959808705019,-0.965507165814338,0.260376482734453,FALSE
"2847",2847,"Region.10",13,4.68196969094732,-0.960885425557499,0.276946202268933,FALSE
"2848",2848,"Region.10",15,3.59567513423186,-0.955979343844077,0.293433968966525,FALSE
"2849",2849,"Region.10",0,2.79120179796288,-0.950790372462584,0.309834903831801,FALSE
"2850",2850,"Region.10",19,2.05742844834041,-0.945320046913132,0.326144153564269,FALSE
"2851",2851,"Region.10",13,2.03826407551057,-0.939569985953062,0.342356891994543,FALSE
"2852",2852,"Region.10",0,1.99435738575564,-0.933541891117923,0.358468321512476,FALSE
"2853",2853,"Region.10",7,2.34127979568899,-0.927237546217955,0.374473674486879,FALSE
"2854",2854,"Region.10",0,2.0169043891958,-0.920658816810244,0.3903682146763,FALSE
"2855",2855,"Region.10",0,0.206193118768029,-0.913807649646662,0.406147238630577,FALSE
"2856",2856,"Region.10",22,-1.39289381347894,-0.906686072097799,0.421806077082663,FALSE
"2857",2857,"Region.10",13,-2.04132245142354,-0.899296191553025,0.437340096330333,FALSE
"2858",2858,"Region.10",27,-2.02787231665179,-0.891640194796887,0.452744699607373,FALSE
"2859",2859,"Region.10",7,-1.01407590640105,-0.883720347362,0.468015328443831,FALSE
"2860",2860,"Region.10",0,0.884180581598751,-0.875538992858632,0.483147464014966,FALSE
"2861",2861,"Region.10",0,1.55656754486402,-0.867098552281209,0.498136628478404,FALSE
"2862",2862,"Region.10",21,2.2704888000553,-0.858401523291892,0.512978386299227,FALSE
"2863",2863,"Region.10",0,1.05525280116936,-0.84945047948148,0.527668345562516,FALSE
"2864",2864,"Region.10",6,0.24441623558437,-0.840248069607846,0.542202159272986,FALSE
"2865",2865,"Region.10",0,-1.17730001715984,-0.830797016812127,0.556575526641327,FALSE
"2866",2866,"Region.10",7,-1.3390385520523,-0.821100117812891,0.570784194356901,FALSE
"2867",2867,"Region.10",7,-1.4820845840341,-0.811160242078563,0.584823957846331,FALSE
"2868",2868,"Region.10",26,-1.74137044645107,-0.800980330978291,0.598690662517721,FALSE
"2869",2869,"Region.10",0,-2.34233033658659,-0.790563396911548,0.612380204990065,FALSE
"2870",2870,"Region.10",7,-2.54586231744522,-0.779912522416717,0.625888534307503,FALSE
"2871",2871,"Region.10",13,-2.80225294347709,-0.769030859258921,0.639211653138056,FALSE
"2872",2872,"Region.10",7,-4.6816010333186,-0.757921627497349,0.652345618956523,FALSE
"2873",2873,"Region.10",25,-5.11675917216561,-0.746588114532414,0.66528654521111,FALSE
"2874",2874,"Region.10",6,-6.35811114100412,-0.735033674132942,0.678030602473538,FALSE
"2875",2875,"Region.10",0,-7.61517773002798,-0.723261725443739,0.69057401957223,FALSE
"2876",2876,"Region.10",0,-7.99112185717744,-0.711275751973814,0.702913084708263,FALSE
"2877",2877,"Region.10",21,-7.33775711507434,-0.699079300565559,0.715044146553741,FALSE
"2878",2878,"Region.10",12,-4.70193961159984,-0.686675980345158,0.726963615332306,FALSE
"2879",2879,"Region.10",13,-2.36621559024461,-0.674069461654618,0.738667963881373,FALSE
"2880",2880,"Region.10",0,-2.46797602175182,-0.661263474965639,0.750153728695904,FALSE
"2881",2881,"Region.10",7,-0.782945166351593,-0.648261809775712,0.7614175109533,FALSE
"2882",2882,"Region.10",0,-2.07059734081328,-0.635068313486743,0.772455977519175,FALSE
"2883",2883,"Region.10",14,-3.30879708283882,-0.621686890266552,0.783265861933676,FALSE
"2884",2884,"Region.10",22,-4.37511744209396,-0.608121499893545,0.7938439653781,FALSE
"2885",2885,"Region.10",0,-6.45974046416919,-0.594376156584985,0.804187157621447,FALSE
"2886",2886,"Region.10",13,-7.27174140902259,-0.580454927809099,0.814292377946726,FALSE
"2887",2887,"Region.10",20,-5.48164819561173,-0.566361933081452,0.824156636056666,FALSE
"2888",2888,"Region.10",8,-4.70790143605432,-0.55210134274592,0.833777012958592,FALSE
"2889",2889,"Region.10",6,-4.32945995053495,-0.537677376740618,0.843150661828197,FALSE
"2890",2890,"Region.10",7,-4.68681711777738,-0.523094303349136,0.852274808851982,FALSE
"2891",2891,"Region.10",0,-4.30078834690378,-0.508356437937514,0.861146754048044,FALSE
"2892",2892,"Region.10",6,-4.13667529456363,-0.493468141677238,0.869763872065064,FALSE
"2893",2893,"Region.10",13,-4.22815066405651,-0.478433820254701,0.878123612959185,FALSE
"2894",2894,"Region.10",7,-6.82225174840395,-0.463257922567491,0.886223502948581,FALSE
"2895",2895,"Region.10",7,-9.78596734539592,-0.447944939407896,0.894061145145485,FALSE
"2896",2896,"Region.10",13,-12.2782165822536,-0.432499402133982,0.901634220265484,FALSE
"2897",2897,"Region.10",14,-12.5584644714099,-0.416925881328731,0.908940487313807,FALSE
"2898",2898,"Region.10",0,-13.5238258791435,-0.401228985447502,0.915977784248487,FALSE
"2899",2899,"Region.10",12,-12.6585413417381,-0.385413359454326,0.922744028620143,FALSE
"2900",2900,"Region.10",0,-13.0767523090476,-0.369483683447382,0.929237218188205,FALSE
"2901",2901,"Region.10",13,-12.9512220398585,-0.353444671274092,0.935455431513415,FALSE
"2902",2902,"Region.10",19,-10.2038089168719,-0.337301069136188,0.941396828526411,FALSE
"2903",2903,"Region.10",0,-5.01082883497966,-0.321057654185274,0.947059651072227,FALSE
"2904",2904,"Region.10",0,-7.8204829229474,-0.304719233109165,0.952442223430567,FALSE
"2905",2905,"Region.10",14,-12.5666733114836,-0.288290640709518,0.957542952811672,FALSE
"2906",2906,"Region.10",18,-13.0822156677648,-0.271776738471135,0.962360329827655,FALSE
"2907",2907,"Region.10",31,-10.8682151659262,-0.255182413123378,0.966892928939151,FALSE
"2908",2908,"Region.10",19,-13.1412646785949,-0.23851257519408,0.971139408877164,FALSE
"2909",2909,"Region.10",7,-13.9544014884495,-0.221772157556485,0.97509851303996,FALSE
"2910",2910,"Region.10",0,-13.0710736718837,-0.204966113969497,0.978769069864921,FALSE
"2911",2911,"Region.10",7,-13.9617104987014,-0.188099417611798,0.982149993175229,FALSE
"2912",2912,"Region.10",7,-16.5502086431381,-0.171177059610199,0.985240282501282,FALSE
"2913",2913,"Region.10",12,-15.137758936526,-0.154204047562688,0.988039023376751,FALSE
"2914",2914,"Region.10",13,-12.0534249566854,-0.137185404056605,0.990545387609183,FALSE
"2915",2915,"Region.10",7,-8.4195686303628,-0.120126165182353,0.992758633525079,FALSE
"2916",2916,"Region.10",15,-12.389889897392,-0.103031379043181,0.994678106189364,FALSE
"2917",2917,"Region.10",6,-14.733287428608,-0.0859061042613334,0.996303237599196,FALSE
"2918",2918,"Region.10",0,-17.8233408255723,-0.0687554084811389,0.997633546852045,FALSE
"2919",2919,"Region.10",26,-18.548098468693,-0.0515843668694067,0.998668640288,FALSE
"2920",2920,"Region.10",12,-16.1208224326397,-0.0343980606136123,0.99940821160626,FALSE
"2921",2921,"Region.10",12,-15.0980770120533,-0.0172015754182636,0.999852041955773,FALSE
"2922",2922,"Region.10",13,-15.2849510332606,-1.9593701661158e-15,1,FALSE
